20.0,0.6349684008789782
20.02,0.6351619498236593
20.04,0.6353520436764497
20.06,0.6355386803181234
20.08,0.6357218575072396
20.1,0.6359015717113713
20.12,0.6360778185887902
20.14,0.6362505928477175
20.16,0.6364198883540344
20.18,0.6365856981533695
20.2,0.6367480145352565
20.22,0.6369068290900233
20.24,0.637062132776874
20.26,0.6372139159955981
20.28,0.6373621686642701
20.3,0.6375068803014605
20.32,0.6376480401129171
20.34,0.6377856370820897
20.36,0.6379196600640715
20.38,0.6380500978824254
20.4,0.6381769394283876
20.42,0.638300173761914
20.44,0.638419790214033
20.46,0.6385357784899645
20.48,0.6386481287724607
20.5,0.6387568318248296
20.52,0.6388618790931032
20.54,0.6389632628068266
20.56,0.6390609760779473
20.58,0.6391550129973045
20.6,0.6392453687282309
20.62,0.6393320395968018
20.64,0.6394150231782834
20.66,0.639494318379361
20.68,0.6395699255157513
20.7,0.6396418463848308
20.72,0.6397100843329433
20.74,0.6397746443170795
20.76,0.639835532960657
20.78,0.6398927586031564
20.8,0.6399463313434139
20.82,0.639996263076395
20.84,0.6400425675233178
20.86,0.6400852602550269
20.88,0.640124358708554
20.9,0.64015988219684
20.92,0.6401918519116245
20.94,0.640220290919548
20.96,0.64024522415154
20.98,0.6402666783856044
21.0,0.6402846822231417
21.02,0.6402992660589777
21.04,0.640310462045297
21.06,0.6403183040497078
21.08,0.6403228276076889
21.1,0.640324069869688
21.12,0.640322069543171
21.14,0.6403168668299297
21.16,0.6403085033589829
21.18,0.6402970221154083
21.2,0.6402824673654671
21.22,0.6402648845783835
21.24,0.6402443203451524
21.26,0.6402208222947567
21.28,0.6401944390081711
21.3,0.640165219930539
21.32,0.6401332152819015
21.34,0.6400984759668561
21.36,0.6400610534835173
21.38,0.6400209998321454
21.4,0.6399783674237978
21.42,0.6399332089893481
21.44,0.6398855774892075
21.46,0.6398355260240656
21.48,0.6397831077469555
21.5,0.6397283757769322
21.52,0.6396713831146329
21.54,0.6396121825599737
21.56,0.6395508266322153
21.58,0.6394873674926137
21.6,0.639421856869849
21.62,0.6393543459884067
21.64,0.6392848855000687
21.66,0.6392135254186438
21.68,0.6391403150580551
21.7,0.639065302973876
21.72,0.6389885369083901
21.74,0.6389100637392306
21.76,0.6388299294316347
21.78,0.6387481789943328
21.8,0.6386648564390738
21.82,0.6385800047437726
21.84,0.6384936658192485
21.86,0.638405880479512
21.88,0.6383166884155405
21.9,0.6382261281724746
21.92,0.6381342371301526
21.94,0.6380410514868919
21.96,0.6379466062464183
21.98,0.6378509352078324
22.0,0.637754070958502
22.02,0.6376560448697557
22.04,0.6375568870952565
22.06,0.6374566265719249
22.08,0.6373552910232805
22.1,0.6372529069650712
22.12,0.6371494997130568
22.14,0.6370450933928135
22.16,0.63693971095143
22.18,0.6368333741709653
22.2,0.6367261036835419
22.22,0.6366179189879512
22.240000000000002,0.6365088384676532
22.26,0.636398879410054
22.28,0.6362880580269537
22.3,0.6361763894760566
22.32,0.636063887883449
22.34,0.6359505663669464
22.36,0.6358364370602249
22.38,0.6357215111376551
22.4,0.6356057988397593
22.42,0.6354893094992247
22.44,0.6353720515674051
22.46,0.6352540326412526
22.48,0.635135259490624
22.5,0.6350157380859133
22.52,0.6348954736259624
22.54,0.6347744705662126
22.56,0.6346527326470549
22.58,0.6345302629223495
22.6,0.6344070637880789
22.62,0.6342831370111089
22.64,0.6341584837580284
22.66,0.6340331046240433
22.68,0.6339069996618991
22.7,0.6337801684108096
22.72,0.6336526099253664
22.740000000000002,0.6335243228044052
22.76,0.6333953052198047
22.78,0.6332655549451922
22.8,0.6331350693845281
22.82,0.6330038456005409
22.84,0.6328718803429826
22.86,0.6327391700766715
22.88,0.6326057110092882
22.9,0.6324714991188877
22.92,0.6323365301810882
22.94,0.6322007997958966
22.96,0.6320643034141263
22.98,0.6319270363633617
23.0,0.6317889938734227
23.02,0.6316501711012813
23.04,0.631510563155377
23.06,0.6313701651192836
23.08,0.6312289720746721
23.1,0.6310869791235186
23.12,0.630944181409506
23.14,0.6308005741385642
23.16,0.6306561525985018
23.18,0.6305109121776774
23.2,0.6303648483826622
23.22,0.6302179568548499
23.240000000000002,0.6300702333859715
23.26,0.6299216739324727
23.28,0.6297722746287221
23.3,0.6296220317990152
23.32,0.6294709419683485
23.34,0.6293190018719418
23.36,0.6291662084634901
23.38,0.6290125589221353
23.4,0.6288580506581497
23.42,0.6287026813173344
23.44,0.6285464487841348
23.46,0.6283893511834887
23.48,0.6282313868814249
23.5,0.6280725544844359
23.52,0.6279128528376567
23.54,0.6277522810218867
23.56,0.6275908383494968
23.58,0.6274285243592704
23.6,0.627265338810233
23.62,0.6271012816745273
23.64,0.6269363531293985
23.66,0.626770553548357
23.68,0.6266038834915896
23.7,0.6264363436956936
23.72,0.6262679350628109
23.740000000000002,0.6260986586492417
23.76,0.6259285156536185
23.78,0.6257575074047218
23.8,0.6255856353490203
23.82,0.6254129010380178
23.84,0.6252393061154871
23.86,0.6250648523046716
23.88,0.6248895413955333
23.9,0.6247133752321207
23.92,0.6245363557001314
23.94,0.6243584847147376
23.96,0.6241797642087393
23.98,0.6240001961211077
24.0,0.6238197823859738
24.02,0.6236385249221146
24.04,0.6234564256229826
24.060000000000002,0.6232734863473198
24.08,0.6230897089103907
24.1,0.622905095075865
24.12,0.6227196465483729
24.14,0.6225333649667507
24.16,0.6223462518979904
24.18,0.6221583088318984
24.2,0.6219695371764643
24.22,0.6217799382539383
24.240000000000002,0.6215895132976046
24.259999999999998,0.6213982634492385
24.28,0.6212061897572295
24.3,0.6210132931753456
24.32,0.6208195745621146
24.34,0.6206250346807909
24.36,0.6204296741998767
24.38,0.6202334936941596
24.4,0.6200364936462326
24.42,0.619838674448454
24.44,0.6196400364053081
24.46,0.6194405797361262
24.48,0.6192403045781242
24.5,0.6190392109897156
24.52,0.6188372989540597
24.54,0.6186345683828014
24.560000000000002,0.6184310191199663
24.58,0.6182266509459694
24.6,0.618021463581703
24.62,0.6178154566926681
24.64,0.6176086298931168
24.66,0.6174009827501752
24.68,0.617192514787919
24.7,0.6169832254913785
24.72,0.6167731143104463
24.740000000000002,0.6165621806636732
24.759999999999998,0.6163504239419316
24.78,0.6161378435119345
24.8,0.6159244387195975
24.82,0.6157102088932364
24.84,0.6154951533465937
24.86,0.6152792713816899
24.88,0.6150625622915006
24.9,0.6148450253624574
24.92,0.6146266598767782
24.94,0.6144074651146303
24.96,0.6141874403561328
24.98,0.6139665848832072
25.0,0.6137448979812828
25.02,0.6135223789408707
25.04,0.6132990270590118
25.060000000000002,0.6130748416406159
25.08,0.6128498219996982
25.1,0.6126239674605279
25.12,0.6123972773587002
25.14,0.6121697510421404
25.16,0.6119413878720552
25.18,0.6117121872238365
25.2,0.6114821484879316
25.22,0.6112512710706856
25.240000000000002,0.6110195543951642
25.259999999999998,0.6107869979019648
25.28,0.6105536010500189
25.3,0.6103193633173931
25.32,0.6100842842020903
25.34,0.6098483632228514
25.36,0.6096115999199629
25.38,0.6093739938560653
25.4,0.609135544616963
25.42,0.608896251812434
25.44,0.6086561150770342
25.46,0.6084151340708926
25.48,0.6081733084804931
25.5,0.6079306380194351
25.52,0.6076871224291691
25.54,0.6074427614796977
25.560000000000002,0.6071975549702368
25.58,0.606951502729829
25.6,0.6067046046179009
25.62,0.6064568605247581
25.64,0.6062082703720102
25.66,0.6059588341129177
25.68,0.6057085517326563
25.7,0.6054574232484901
25.72,0.6052054487098509
25.740000000000002,0.6049526281983161
25.759999999999998,0.6046989618274817
25.78,0.60444444974273
25.8,0.6041890921208849
25.82,0.6039328891697567
25.84,0.6036758411275748
25.86,0.6034179482623083
25.88,0.6031592108708765
25.9,0.6028996292782506
25.92,0.6026392038364499
25.94,0.6023779349234375
25.96,0.6021158229419182
25.98,0.6018528683180459
26.0,0.601589071500044
26.02,0.60132443295675
26.04,0.6010589531760838
26.060000000000002,0.6007926326634565
26.08,0.6005254719401177
26.1,0.6002574715414575
26.12,0.5999886320152643
26.14,0.5997189539199511
26.16,0.5994484378227545
26.18,0.599177084297916
26.2,0.5989048939248512
26.22,0.5986318672863136
26.240000000000002,0.5983580049665593
26.259999999999998,0.5980833075495187
26.28,0.5978077756169775
26.3,0.5975314097467745
26.32,0.597254210511016
26.34,0.5969761784743117
26.36,0.5966973141920333
26.38,0.596417618208596
26.4,0.596137091055764
26.42,0.5958557332509804
26.44,0.5955735452957179
26.46,0.5952905276738518
26.48,0.5950066808500506
26.5,0.5947220052681836
26.52,0.5944365013497421
26.54,0.5941501694922711
26.560000000000002,0.5938630100678077
26.58,0.5935750234213267
26.6,0.5932862098691852
26.62,0.5929965696975692
26.64,0.5927061031609371
26.66,0.5924148104804595
26.68,0.5921226918424557
26.7,0.5918297473968257
26.72,0.5915359772554798
26.740000000000002,0.5912413814907688
26.759999999999998,0.590945960133916
26.78,0.5906497131734587
26.8,0.5903526405537023
26.82,0.5900547421731966
26.84,0.5897560178832412
26.86,0.5894564674864305
26.88,0.5891560907352514
26.9,0.588854887330742
26.92,0.5885528569212297
26.94,0.5882499991011613
26.96,0.5879463134100399
26.98,0.5876417993314886
27.0,0.5873364562924552
27.02,0.5870302836625783
27.04,0.5867232807537314
27.060000000000002,0.5864154468197661
27.08,0.5861067810564701
27.1,0.5857972826017597
27.12,0.5854869505361259
27.14,0.5851757838833482
27.16,0.5848637816114952
27.18,0.5845509426342247
27.2,0.5842372658123973
27.22,0.5839227499560163
27.240000000000002,0.5836073938265023
27.259999999999998,0.5832911961393097
27.28,0.5829741555668931
27.3,0.582656270742023
27.32,0.5823375402614531
27.34,0.5820179626899367
27.36,0.5816975365645847
27.38,0.581376260399559
27.4,0.5810541326910889
27.42,0.580731151922794
27.44,0.5804073165713011
27.46,0.5800826251121276
27.48,0.5797570760258149
27.5,0.5794306678042799
27.52,0.5791033989573595
27.54,0.5787752680195153
27.560000000000002,0.5784462735566641
27.58,0.5781164141731013
27.6,0.5777856885184762
27.62,0.5774540952947834
27.64,0.5771216332633288
27.66,0.576788301251629
27.68,0.5764540981602051
27.7,0.5761190229692242
27.72,0.5757830747449538
27.740000000000002,0.5754462526459825
27.759999999999998,0.5751085559291702
27.78,0.5747699839552874
27.8,0.574430536194308
27.82,0.574090212230318
27.84,0.5737490117660093
27.86,0.5734069346267269
27.88,0.5730639807640409
27.9,0.5727201502588213
27.92,0.5723754433237914
27.94,0.5720298603055434
27.96,0.5716834016860012
27.98,0.5713360680833213
28.0,0.5709878602522229
28.02,0.5706387790837474
28.04,0.570288825604445
28.060000000000002,0.5699380009749981
28.08,0.5695863064882862
28.1,0.5692337435669078
28.12,0.568880313760176
28.14,0.5685260187406063
28.16,0.5681708602999209
28.18,0.5678148403445971
28.2,0.5674579608909867
28.22,0.5671002240600411
28.240000000000002,0.5667416320716748
28.259999999999998,0.5663821872388037
28.28,0.5660218919610968
28.3,0.5656607487184796
28.32,0.5652987600644314
28.34,0.564935928619114
28.36,0.5645722570623775
28.380000000000003,0.5642077481266791
28.4,0.5638424045899606
28.42,0.5634762292685205
28.439999999999998,0.5631092250099219
28.46,0.5627413946859731
28.48,0.5623727411858159
28.5,0.5620032674091571
28.52,0.5616329762596729
28.54,0.5612618706386177
28.560000000000002,0.5608899534386618
28.58,0.5605172275379854
28.6,0.5601436957946452
28.62,0.5597693610412378
28.64,0.5593942260798701
28.66,0.5590182936774524
28.68,0.5586415665613222
28.700000000000003,0.5582640474152047
28.72,0.5578857388755146
28.740000000000002,0.5575066435279984
28.759999999999998,0.5571267639047168
28.78,0.5567461024813607
28.8,0.5563646616748947
28.82,0.5559824438415195
28.84,0.5555994512749405
28.86,0.55521568620493
28.880000000000003,0.5548311507961696
28.9,0.5544458471473548
28.92,0.5540597772905469
28.939999999999998,0.553672943190753
28.96,0.553285346745716
28.98,0.5528969897858974
29.0,0.5525078740746321
29.02,0.5521180013084377
29.04,0.5517273731174616
29.060000000000002,0.5513359910660455
29.08,0.5509438566533941
29.1,0.5505509713143294
29.12,0.5501573364201187
29.14,0.5497629532793609
29.16,0.5493678231389225
29.18,0.5489719471849097
29.200000000000003,0.5485753265436704
29.22,0.5481779622828192
29.240000000000002,0.5477798554122796
29.259999999999998,0.5473810068853392
29.28,0.5469814175997182
29.3,0.5465810883986492
29.32,0.5461800200719699
29.34,0.5457782133572322
29.36,0.5453756689408308
29.380000000000003,0.5449723874591574
29.4,0.5445683694997862
29.42,0.5441636156026973
29.439999999999998,0.5437581262615485
29.46,0.5433519019249995
29.48,0.5429449429981018
29.5,0.5425372498437597
29.52,0.5421288227842732
29.54,0.5417196621029701
29.560000000000002,0.5413097680459362
29.58,0.5408991408238509
29.6,0.540487780613934
29.62,0.5400756875620102
29.64,0.5396628617846958
29.66,0.5392493033717101
29.68,0.5388350123883131
29.700000000000003,0.5384199888778718
29.72,0.5380042328645508
29.740000000000002,0.5375877443561264
29.759999999999998,0.5371705233469187
29.78,0.5367525698208356
29.8,0.5363338837545195
29.82,0.5359144651205896
29.84,0.5354943138909642
29.86,0.5350734300402545
29.880000000000003,0.5346518135492122
29.9,0.5342294644082156
29.92,0.53380638262078
29.939999999999998,0.5333825682070691
29.96,0.5329580212073939
29.98,0.5325327416856755
30.0,0.5321067297328541
30.02,0.5316799854702209
30.04,0.5312525090526562
30.060000000000002,0.5308243006717497
30.08,0.5303953605587846
30.1,0.5299656889875656
30.12,0.5295352862770725
30.14,0.5291041527939203
30.16,0.5286722889546109
30.18,0.5282396952275596
30.200000000000003,0.5278063721348849
30.22,0.5273723202539458
30.240000000000002,0.526937540218622
30.259999999999998,0.5265020327203243
30.28,0.5260657985087304
30.3,0.5256288383922446
30.32,0.5251911532381771
30.34,0.5247527439726445
30.36,0.524313611580195
30.380000000000003,0.5238737571031639
30.4,0.5234331816407654
30.42,0.5229918863479325
30.439999999999998,0.522549872433915
30.46,0.5221071411606512
30.48,0.5216636938409263
30.5,0.5212195318363391
30.52,0.5207746565550919
30.54,0.520329069449626
30.560000000000002,0.519882772014123
30.58,0.5194357657818974
30.6,0.5189880523226986
30.62,0.5185396332399507
30.64,0.5180905101679516
30.66,0.5176406847690563
30.68,0.5171901587308668
30.700000000000003,0.5167389337634546
30.72,0.5162870115966356
30.740000000000002,0.5158343939773222
30.759999999999998,0.5153810826669708
30.78,0.514927079439146
30.8,0.5144723860772193
30.82,0.5140170043722193
30.84,0.5135609361208464
30.86,0.5131041831236679
30.880000000000003,0.5126467471835024
30.9,0.5121886301040038
30.92,0.5117298336884505
30.939999999999998,0.5112703597387462
30.96,0.5108102100546348
30.98,0.5103493864331281
31.0,0.5098878906681479
31.02,0.5094257245503762
31.04,0.5089628898673093
31.060000000000002,0.5084993884035092
31.08,0.5080352219410404
31.1,0.5075703922600858
31.12,0.5071049011397237
31.14,0.5066387503588579
31.16,0.5061719416972825
31.18,0.5057044769368668
31.200000000000003,0.5052363578628436
31.22,0.5047675862651835
31.240000000000002,0.5042981639400377
31.259999999999998,0.5038280926912311
31.28,0.5033573743317868
31.3,0.5028860106854661
31.32,0.5024140035883031
31.34,0.5019413548901194
31.36,0.5014680664560002
31.380000000000003,0.5009941401677163
31.4,0.500519577925077
31.42,0.5000443816471988
31.439999999999998,0.49956855327367733
31.46,0.49909209476564975
31.48,0.4986150081067376
31.5,0.4981372953038592
31.52,0.4976589583879044
31.54,0.497179999414264
31.560000000000002,0.4967004204632085
31.58,0.49622022364011176
31.6,0.4957394110755168
31.62,0.49525798492504103
31.64,0.4947759473691228
31.66,0.4942933006126067
31.68,0.4938100468841725
31.700000000000003,0.4933261884356087
31.72,0.492841727540935
31.740000000000002,0.49235666649537924
31.759999999999998,0.4918710076142121
31.78,0.4913847532314486
31.8,0.4908979056984203
31.82,0.49041046738222704
31.84,0.48992244066407536
31.86,0.48943382793751034
31.880000000000003,0.4889446316065506
31.9,0.4884548540837328
31.92,0.48796449778807416
31.939999999999998,0.4874735651429615
31.96,0.48698205857397336
31.98,0.48648998050664405
32.0,0.48599733336417505
32.019999999999996,0.4855041195651029
32.04,0.4850103415209287
32.06,0.4845160016337154
32.08,0.48402110229365924
32.1,0.48352564587664104
32.120000000000005,0.48302963474176114
32.14,0.482533071228864
32.16,0.48203595765605595
32.18,0.48153829631722
32.2,0.48104008947953203
32.22,0.4805413393809814
32.24,0.4800420482278985
32.26,0.47954221819249365
32.28,0.4790418514104092
32.3,0.4785409499782881
32.32,0.47803951595136185
32.34,0.47753755134106024
32.36,0.4770350581126471
32.38,0.4765320381828838
32.4,0.4760284934177253
32.42,0.4755244256300509
32.44,0.4750198365774355
32.46,0.47451472795996413
32.480000000000004,0.4740091014180948
32.5,0.47350295853057556
32.519999999999996,0.4729963008124197
32.54,0.4724891297129465
32.56,0.4719814466138924
32.58,0.4714732528276002
32.6,0.4709645495952923
32.620000000000005,0.4704553380854365
32.64,0.4699456193922102
32.66,0.4694353945340729
32.68,0.468924664452453
32.7,0.4684134300105584
32.72,0.46790169199231835
32.74,0.46738945110146507
32.76,0.4668767079607631
32.78,0.46636346311139365
32.8,0.46584971701250333
32.82,0.4653354700409217
32.84,0.464820722491057
32.86,0.4643054745749752
32.88,0.46378972642266736
32.9,0.4632734780825113
32.92,0.46275672952193125
32.94,0.4622394806282578
32.96,0.4617217312097919
32.980000000000004,0.4612034809970723
33.0,0.46068472964434815
33.019999999999996,0.46016547673125413
33.04,0.45964572176468704
33.06,0.4591254641808795
33.08,0.45860470334766645
33.1,0.458083438566938
33.120000000000005,0.45756166907727197
33.14,0.45703939405673666
33.16,0.4565166126258553
33.18,0.4559933238507202
33.2,0.4554695267462452
33.22,0.4549452202795431
33.24,0.4544204033734139
33.26,0.45389507490992964
33.28,0.4533692337340991
33.3,0.4528428786575964
33.32,0.45231600846253706
33.34,0.4517886219052829
33.36,0.4512607177202598
33.38,0.4507322946237682
33.4,0.4502033513177712
33.42,0.4496738864936398
33.44,0.4491438988358394
33.46,0.4486133870255404
33.480000000000004,0.44808234974413524
33.5,0.44755078567664774
33.519999999999996,0.4470186935150179
33.54,0.44648607196124945
33.56,0.44595291973040646
33.58,0.4454192355534473
33.6,0.4448850181798858
33.620000000000005,0.4443502663802691
33.64,0.4438149789484671
33.66,0.4432791547037638
33.68,0.44274279249274906
33.7,0.44220589119100556
33.72,0.44166844970459007
33.74,0.4411304669713101
33.76,0.4405919419617956
33.78,0.4400528736803713
33.8,0.4395132611657323
33.82,0.4389731034914308
33.84,0.43843239976618037
33.86,0.4378911491339876
33.88,0.43734935077412007
33.9,0.4368070039009234
33.92,0.43626410776349744
33.94,0.4357206616452464
33.96,0.4351766648633154
33.980000000000004,0.4346321167679281
34.0,0.4340870167416394
34.019999999999996,0.43354136419851885
34.04,0.4329951585832792
34.06,0.4324483993703646
34.08,0.4319010860630139
34.1,0.43135321819231215
34.120000000000005,0.430804795316246
34.14,0.430255817018774
34.16,0.42970628290892565
34.18,0.42915619261994087
34.2,0.42860554580845955
34.22,0.4280543421537719
34.24,0.4275025813571375
34.26,0.42695026314118034
34.28,0.4263973872493666
34.3,0.42584395344556925
34.32,0.42528996151372356
34.34,0.42473541125757586
34.36,0.42418030250052563
34.38,0.4236246350855627
34.4,0.42306840887529584
34.42,0.4225116237520715
34.44,0.4219542796181792
34.46,0.42139637639613725
34.480000000000004,0.420837914029056
34.5,0.42027889248106853
34.519999999999996,0.41971931173782506
34.54,0.4191591718070403
34.56,0.4185984727190877
34.58,0.4180372145276298
34.6,0.4174753973102776
34.620000000000005,0.41691302116926754
34.64,0.4163500862321482
34.66,0.415786592652468
34.68,0.4152225406104523
34.7,0.4146579303136645
34.72,0.41409276199763967
34.74,0.413527035926485
34.76,0.4129607523934378
34.78,0.41239391172137674
34.8,0.41182651426327743
34.82,0.411258560402609
34.84,0.4106900505536676
34.86,0.4101209851618406
34.88,0.40955136470380216
34.9,0.40898118968763514
34.92,0.4084104606528808
34.94,0.407839178170514
34.96,0.40726734284284705
34.980000000000004,0.40669495530336075
35.0,0.40612201621646715
35.019999999999996,0.40554852627720595
35.04,0.4049744862108788
35.06,0.4043998967726241
35.08,0.40382475874693924
35.1,0.4032490729471537
35.120000000000005,0.4026728402148585
35.14,0.4020960614192989
35.16,0.40151873745673494
35.18,0.4009408692497764
35.2,0.4003624577466978
35.22,0.3997835039207398
35.24,0.39920400876940165
35.26,0.39862397331373167
35.28,0.3980433985976187
35.3,0.3974622856870914
35.32,0.3968806356696277
35.34,0.3962984496534797
35.36,0.395715728767015
35.38,0.39513247415807995
35.4,0.39454868699338297
35.42,0.3939643684579027
35.44,0.39337951975431823
35.46,0.39279414210246366
35.480000000000004,0.3922082367388048
35.5,0.39162180491593634
35.519999999999996,0.3910348479020981
35.54,0.3904473669807068
35.56,0.3898593634499
35.58,0.38927083862208867
35.6,0.3886817938235135
35.620000000000005,0.3880922303938006
35.64,0.38750214968551094
35.66,0.38691155306367864
35.68,0.3863204419053316
35.7,0.38572881759899047
35.72,0.3851366815441378
35.74,0.38454403515065383
35.76,0.3839508798382122
35.78,0.3833572170356303
35.8,0.38276304818017004
35.82,0.3821683747167829
35.84,0.3815731980972962
35.86,0.3809775197795368
35.88,0.3803813412263883
35.9,0.37978466390477966
35.92,0.37918748928460366
35.94,0.37858981883756376
35.96,0.3779916540359485
35.980000000000004,0.37739299635133505
36.0,0.3767938472532218
36.019999999999996,0.37619420820759275
36.04,0.3755940806754159
36.06,0.3749934661110803
36.08,0.37439236596077435
36.1,0.37379078166081176
36.120000000000005,0.3731887146359107
36.14,0.3725861662974317
36.16,0.37198313804158245
36.18,0.37137963124759626
36.2,0.3707756472758919
36.22,0.3701711874662241
36.24,0.36956625313583297
36.260000000000005,0.36896084557760056
36.28,0.3683549660582251
36.3,0.3677486158164207
36.32,0.36714179606115244
36.34,0.3665345079699156
36.36,0.365926752687068
36.379999999999995,0.3653185313222241
36.4,0.36470984494871894
36.42,0.36410069460215033
36.44,0.3634910812790056
36.46,0.3628810059353811
36.480000000000004,0.3622704694858001
36.5,0.36165947280213434
36.519999999999996,0.3610480167126351
36.54,0.36043610200107756
36.56,0.35982372940602203
36.58,0.3592108996201952
36.6,0.3585976132899934
36.620000000000005,0.35798387101510926
36.64,0.3573696733482824
36.66,0.35675502079517485
36.68,0.35613991381436944
36.7,0.35552435281749145
36.72,0.3549083381694507
36.74,0.35429187018880226
36.760000000000005,0.353674949148223
36.78,0.35305757527510173
36.8,0.3524397487522387
36.82,0.35182146971865136
36.84,0.35120273827048265
36.86,0.35058355446200873
36.879999999999995,0.34996391830674156
36.9,0.34934382977862294
36.92,0.3487232888133071
36.94,0.3481022953095278
36.96,0.3474808491305473
36.980000000000004,0.3468589501056846
37.0,0.3462365980319201
37.019999999999996,0.345613792675575
37.04,0.34499053377406436
37.06,0.3443668210377214
37.08,0.3437426541516939
37.1,0.3431180327779111
37.120000000000005,0.34249295655712203
37.14,0.3418674251110061
37.16,0.3412414380443553
37.18,0.34061499494733133
37.2,0.3399880953977977
37.22,0.3393607389637289
37.24,0.3387329252056988
37.260000000000005,0.33810465367944914
37.28,0.33747592393854153
37.3,0.33684673553709304
37.32,0.33621708803259803
37.34,0.33558698098883644
37.36,0.33495641397887055
37.379999999999995,0.3343253865881287
37.400000000000006,0.3336938984175778
37.42,0.333061949086981
37.44,0.3324295382382413
37.46,0.3317966655388263
37.480000000000004,0.33116333068527165
37.5,0.330529533406758
37.519999999999996,0.3298952734687558
37.54,0.3292605506767313
37.56,0.32862536487990573
37.58,0.32798971597505794
37.6,0.32735360391036133
37.620000000000005,0.3267170286892426
37.64,0.32607999037424995
37.66,0.3254424890909177
37.68,0.3248045250316116
37.7,0.32416609845933975
37.72,0.32352720971151244
37.74,0.32288785920363344
37.760000000000005,0.322248047432905
37.78,0.3216077749817271
37.8,0.3209670425210726
37.82,0.3203258508137192
37.84,0.31968420071731785
37.86,0.3190420931872786
37.879999999999995,0.31839952927945475
37.900000000000006,0.3177565101526064
37.92,0.31711303707062466
37.94,0.316469111404499
37.96,0.3158247346340115
37.980000000000004,0.3151799083491414
38.0,0.3145346342511654
38.019999999999996,0.3138889141534419
38.04,0.31324274998186535
38.06,0.3125961437749825
38.08,0.3119490976837612
38.1,0.3113016139710059
38.120000000000005,0.3106536950104146
38.14,0.31000534328527635
38.16,0.3093565613868073
38.18,0.30870735201212834
38.2,0.30805771796188824
38.22,0.3074076621375381
38.24,0.3067571875382662
38.260000000000005,0.306106297257603
38.28,0.3054549944797109
38.3,0.3048032824753705
38.32,0.30415116459768277
38.34,0.30349864427750545
38.36,0.3028457250186418
38.379999999999995,0.3021924103928062
38.400000000000006,0.3015387040343881
38.42,0.30088460963504093
38.44,0.30023013093811846
38.46,0.29957527173298854
38.480000000000004,0.29892003584925025
38.5,0.29826442715088086
38.519999999999996,0.29760844953034354
38.54,0.29695210690268153
38.56,0.2962954031996279
38.58,0.2956383423637594
38.6,0.29498092834271955
38.620000000000005,0.2943231650835397
38.64,0.2936650565270822
38.66,0.29300660660263045
38.68,0.292347819222649
38.7,0.2916886982777352
38.72,0.29102924763178223
38.74,0.2903694711173725
38.760000000000005,0.2897093725314171
38.78,0.2890489556310554
38.8,0.28838822412982823
38.82,0.2877271816941334
38.84,0.2870658319399734
38.86,0.28640417842999827
38.879999999999995,0.2857422246708501
38.900000000000006,0.2850799741108088
38.92,0.28441743013773846
38.94,0.28375459607733144
38.96,0.2830914751916452
38.980000000000004,0.2824280706779245
39.0,0.28176438566770046
39.019999999999996,0.28110042322615464
39.04,0.2804361863517372
39.06,0.2797716779760245
39.08,0.2791069009637997
39.1,0.27844185811334293
39.120000000000005,0.2777765521569105
39.14,0.2771109857613862
39.16,0.2764451615290862
39.18,0.2757790819986977
39.2,0.2751127496463315
39.22,0.27444616688666906
39.24,0.27377933607418514
39.260000000000005,0.27311225950442575
39.28,0.2724449394153226
39.3,0.2717773779885281
39.32,0.2711095773507499
39.34,0.2704415395750728
39.36,0.26977326668224927
39.379999999999995,0.26910476064194755
39.400000000000006,0.26843602337394207
39.42,0.2677670567492376
39.44,0.26709786259111584
39.46,0.26642844267609633
39.480000000000004,0.26575879873480696
39.5,0.26508893245275794
39.519999999999996,0.264418845471016
39.54,0.26374853938677956
39.56,0.2630780157538525
39.58,0.2624072760830206
39.6,0.2617363218423335
39.620000000000005,0.2610651544572973
39.64,0.2603937753109844
39.66,0.25972218574406797
39.68,0.2590503870547914
39.7,0.2583783804988815
39.72,0.25770616728941764
39.74,0.2570337485966679
39.760000000000005,0.2563611255479064
39.78,0.25568829922722364
39.8,0.2550152706753444
39.82,0.25434204088946655
39.84,0.25366861082313574
39.86,0.2529949813861684
39.879999999999995,0.25232115344463873
39.900000000000006,0.2516471278209411
39.92,0.2509729052939425
39.94,0.2502984865992361
39.96,0.24962387242950795
39.980000000000004,0.2489490634350277
40.0,0.24827406022427256
40.019999999999996,0.2475988633646935
40.04,0.2469234733836308
40.06,0.2462478907693859
40.08,0.24557211597245432
40.1,0.24489614940692273
40.120000000000005,0.244219991452034
40.14,0.2435436424539194
40.16,0.24286710272750056
40.18,0.24219037255855586
40.2,0.24151345220595233
40.22,0.24083634190403558
40.24,0.24015904186517512
40.260000000000005,0.23948155228245682
40.28,0.2388038733325154
40.3,0.23812600517849958
40.32,0.23744794797315844
40.34,0.23676970186204027
40.36,0.23609126698679295
40.379999999999995,0.23541264348855245
40.400000000000006,0.23473383151140997
40.42,0.23405483120594295
40.44,0.23337564273279782
40.46,0.2326962662663125
40.480000000000004,0.2320167019981626
40.5,0.23133695014102135
40.519999999999996,0.2306570109322177
40.54,0.22997688463738053
40.56,0.2292965715540557
40.58,0.22861607201528383
40.6,0.227935386393126
40.620000000000005,0.22725451510212635
40.64,0.22657345860269934
40.66,0.22589221740443133
40.68,0.22521079206928651
40.7,0.22452918321470616
40.72,0.22384739151659389
40.74,0.2231654177121759
40.760000000000005,0.2224832626027307
40.78,0.2218009270561786
40.8,0.2211184120095251
40.82,0.220435718471152
40.84,0.21975284752294927
40.86,0.21906980032228301
40.879999999999995,0.21838657810379464
40.900000000000006,0.2177031821810257
40.92,0.2170196139478654
40.94,0.21633587487981643
40.96,0.2156519665350753
40.980000000000004,0.21496789055542492
41.0,0.21428364866693494
41.019999999999996,0.21359924268046943
41.04,0.2129146744919973
41.06,0.2122299460827048
41.08,0.2115450595189069
41.1,0.21086001695175738
41.120000000000005,0.2101748206167542
41.14,0.20948947283303976
41.16,0.2088039760024955
41.18,0.20811833260862933
41.2,0.20743254521525412
41.22,0.2067466164649598
41.24,0.2060605490773766
41.260000000000005,0.20537434584723085
41.28,0.20468800964219458
41.3,0.20400154340052917
41.32,0.2033149501285263
41.34,0.20262823289774734
41.36,0.20194139484206486
41.379999999999995,0.20125443915451008
41.400000000000006,0.20056736908392997
41.42,0.19988018793146023
41.44,0.19919289904681875
41.46,0.198505505824428
41.480000000000004,0.1978180116993722
41.5,0.1971304201431992
41.519999999999996,0.19644273465957585
41.54,0.19575495877980792
41.56,0.1950670960582343
41.58,0.1943791500675096
41.6,0.19369112439378744
41.620000000000005,0.19300302263181757
41.64,0.19231484837997287
41.66,0.19162660523522157
41.68,0.1909382967880603
41.7,0.1902499266174258
41.72,0.18956149828560165
41.74,0.18887301533314066
41.760000000000005,0.18818448127381743
41.78,0.18749589958963386
41.8,0.18680727372589395
41.82,0.18611860708636824
41.84,0.1854299030285662
41.86,0.18474116485913666
41.879999999999995,0.18405239582941257
41.900000000000006,0.18336359913112177
41.92,0.18267477789227732
41.94,0.18198593517326855
41.96,0.1812970739631659
41.980000000000004,0.18060819717625604
42.0,0.1799193076488222
42.019999999999996,0.17923040813618152
42.04,0.17854150130999286
42.06,0.1778525897558439
42.08,0.1771636759711288
42.1,0.17647476236322163
42.120000000000005,0.1757858512479546
42.14,0.17509694484840288
42.16,0.17440804529398052
42.18,0.17371915461984838
42.2,0.1730302747666338
42.22,0.17234140758045852
42.24,0.1716525548132734
42.260000000000005,0.17096371812349204
42.28,0.17027489907691856
42.3,0.16958609914795886
42.32,0.16889731972110678
42.34,0.16820856209269353
42.36,0.16751982747288685
42.379999999999995,0.16683111698792696
42.400000000000006,0.1661424316825843
42.42,0.16545377252282195
42.44,0.16476514039864754
42.46,0.16407653612713607
42.480000000000004,0.16338796045560655
42.5,0.1626994140649332
42.519999999999996,0.16201089757297238
42.54,0.16132241153808796
42.56,0.1606339564627547
42.58,0.15994553279722157
42.6,0.1592571409432164
42.620000000000005,0.1585687812576752
42.64,0.15788045405647683
42.66,0.15719215961816774
42.68,0.15650389818766025
42.7,0.15581566997988988
42.72,0.15512747518341707
42.74,0.1544393139639605
42.760000000000005,0.1537511864678503
42.78,0.15306309282539032
42.8,0.1523750331541202
42.82,0.15168700756196818
42.84,0.1509990161502885
42.86,0.15031105901677827
42.879999999999995,0.1496231362582668
42.900000000000006,0.14893524797337737
42.92,0.1482473942650573
42.94,0.14755957524297536
42.96,0.14687179102578896
42.980000000000004,0.14618404174327904
43.0,0.14549632753835745
43.019999999999996,0.14480864856894926
43.04,0.1441210050097526
43.06,0.14343339705388253
43.08,0.14274582491440246
43.1,0.14205828882574884
43.120000000000005,0.14137078904505712
43.14,0.14068332585339116
43.16,0.13999589955688718
43.18,0.1393085104878145
43.2,0.13862115900556282
43.22,0.13793384549755972
43.24,0.13724657038012622
43.260000000000005,0.13655933409927484
43.28,0.13587213713145624
43.3,0.13518497998425888
43.32,0.13449786319706647
43.34,0.13381078734167617
43.36,0.13312375302288182
43.379999999999995,0.13243676087902279
43.400000000000006,0.13174981158250287
43.42,0.13106290584027824
43.44,0.13037604439431516
43.46,0.1296892280220182
43.480000000000004,0.12900245753662798
43.5,0.12831573378758498
43.519999999999996,0.12762905766086086
43.54,0.126942430079251
43.56,0.126255852002628
43.58,0.12556932442815105
43.6,0.1248828483904284
43.620000000000005,0.12419642496162764
43.64,0.12351005525153136
43.66,0.12282374040753152
43.68,0.12213748161456062
43.7,0.12145128009495343
43.72,0.12076513710823644
43.74,0.12007905395083973
43.760000000000005,0.11939303195572981
43.78,0.11870707249195811
43.8,0.11802117696412373
43.82,0.11733534681174729
43.84,0.11664958350855614
43.86,0.11596388856167694
43.879999999999995,0.11527826351073855
43.900000000000006,0.1145927099268843
43.92,0.11390722941169351
43.94,0.11322182359601773
43.96,0.11253649413873101
43.980000000000004,0.1118512427253997
44.0,0.11116607106687615
44.019999999999996,0.11048098089782032
44.04,0.10979597397515617
44.06,0.10911105207646965
44.08,0.10842621699835342
44.1,0.10774147055470895
44.120000000000005,0.10705681457501137
44.14,0.10637225090254887
44.16,0.1056877813926419
44.18,0.1050034079108555
44.2,0.10431913233121137
44.22,0.10363495653441057
44.24,0.10295088240607653
44.260000000000005,0.10226691183502779
44.28,0.10158304671158946
44.3,0.10089928892595423
44.32,0.10021564036659847
44.34,0.09953210291876657
44.36,0.09884867846302658
44.379999999999995,0.0981653688739077
44.400000000000006,0.09748217601862519
44.42,0.09679910175589834
44.44,0.09611614793486756
44.46,0.09543331639411334
44.480000000000004,0.09475060896078313
44.5,0.09406802744982556
44.519999999999996,0.09338557366333633
44.54,0.09270324939001451
44.56,0.09202105640473124
44.58,0.0913389964682072
44.6,0.09065707132679879
44.620000000000005,0.08997528271238941
44.64,0.08929363234238197
44.66,0.0886121219197884
44.68,0.08793075313341148
44.7,0.08724952765811178
44.72,0.08656844715515422
44.74,0.08588751327262689
44.760000000000005,0.08520672764592552
44.78,0.08452609189829374
44.8,0.08384560764141313
44.82,0.08316527647603411
44.84,0.08248509999263864
44.86,0.08180507977212648
44.879999999999995,0.08112521738651846
44.900000000000006,0.08044551439966585
44.92,0.07976597236795968
44.94,0.07908659284103292
44.96,0.0784073773624463
44.980000000000004,0.07772832747035374
45.0,0.07704944469813957
45.019999999999996,0.0763707305750223
45.04,0.07569218662662103
45.06,0.0750138143754796
45.08,0.07433561534154487
45.1,0.07365759104259806
45.120000000000005,0.07297974299463528
45.14,0.07230207271219746
45.16,0.07162458170864971
45.18,0.07094727149640956
45.2,0.07027014358712536
45.22,0.06959319949180787
45.24,0.06891644072091707
45.260000000000005,0.06823986878440635
45.28,0.06756348519172928
45.3,0.06688729145181282
45.32,0.066211289073001
45.34,0.0655354795629749
45.36,0.06485986442865366
45.379999999999995,0.06418444517608257
45.400000000000006,0.0635092233103125
45.42,0.06283420033527931
45.44,0.06215937775368441
45.46,0.061484757066886164
45.480000000000004,0.060810339774804434
45.5,0.06013612737584506
45.519999999999996,0.059462121366847254
45.54,0.05878832324305927
45.56,0.05811473449814575
45.58,0.05744135662422922
45.6,0.05676819111196851
45.620000000000005,0.05609523945067629
45.64,0.05542250312847674
45.66,0.05474998363250283
45.68,0.05407768244913558
45.7,0.05340560106428005
45.72,0.05273374096368122
45.74,0.052062103633274015
45.760000000000005,0.05139069055956569
45.78,0.05071950323004626
45.8,0.05004854313362461
45.82,0.04937781176108269
45.84,0.04870731060554434
45.86,0.04803704116295282
45.879999999999995,0.04736700493255108
45.900000000000006,0.046697203417356836
45.92,0.046027638124628845
45.94,0.0453583105663149
45.96,0.04468922225947658
45.980000000000004,0.04402037472668385
46.0,0.04335176949637187
46.019999999999996,0.04268340810315607
46.04,0.042015292088096734
46.06,0.04134742299891003
46.08,0.040679802390119146
46.1,0.040012431823140515
46.120000000000005,0.03934531286630305
46.14,0.0386784470947944
46.16,0.03801183609053471
46.18,0.03734548144197314
46.2,0.03667938474380816
46.22,0.03601354759663056
46.24,0.03534797160648895
46.260000000000005,0.03468265838438156
46.28,0.03401760954567323
46.3,0.03335282670944373
46.32,0.03268831149776852
46.34,0.03202406553493864
46.36,0.031360090446624134
46.379999999999995,0.030696387858986207
46.400000000000006,0.030032959397744974
46.42,0.02936980668721123
46.44,0.0287069313492877
46.46,0.02804433500244785
46.480000000000004,0.027382019260702384
46.5,0.02671998573255918
46.519999999999996,0.02605823601998669
46.54,0.025396771717389077
46.56,0.024735594410601802
46.58,0.024074705675914854
46.6,0.02341410707913294
46.620000000000005,0.022753800174681316
46.64,0.022093786504761126
46.66,0.021434067598566475
46.68,0.02077464497156445
46.7,0.020115520124848962
46.72,0.019456694544569664
46.74,0.018798169701442657
46.760000000000005,0.01813994705034705
46.78,0.017482028030009866
46.8,0.0168244140627819
46.82,0.016167106554506372
46.84,0.015510106894481401
46.86,0.014853416455515966
46.879999999999995,0.014197036594079893
46.900000000000006,0.013540968650545437
46.92,0.012885213949518248
46.94,0.01222977380025736
46.96,0.01157464949717768
46.980000000000004,0.010919842320434414
47.0,0.010265353536582311
47.019999999999996,0.00961118439930786
47.04,0.00895733615022587
47.06,0.008303810019739899
47.08,0.007650607227954853
47.1,0.006997728985642215
47.120000000000005,0.006345176495246907
47.14,0.005692950951932785
47.16,0.005041053544660334
47.18,0.004389485457289899
47.2,0.0037382478697060018
47.22,0.0030873419589559914
47.24,0.002436768900398789
47.260000000000005,0.0017865298688586329
47.28,0.0011366260397789318
47.3,0.00048705859037212473
47.32,-0.0001621712992385671
47.34,-0.0008110624448888215
47.36,-0.0014596136572572194
47.379999999999995,-0.002107823740767123
47.400000000000006,-0.0027556914925075393
47.42,-0.0034032157011761877
47.44,-0.004050395146045438
47.46,-0.004697228595953895
47.480000000000004,-0.0053437148083225194
47.5,-0.0059898525281977255
47.519999999999996,-0.00663564048732157
47.54,-0.007281077403229141
47.56,-0.007926161978373925
47.58,-0.008570892899281035
47.6,-0.009215268835727652
47.620000000000005,-0.009859288439952874
47.64,-0.010502950345895101
47.66,-0.01114625316845852
47.68,-0.011789195502808547
47.7,-0.012431775923697153
47.72,-0.013073992984819371
47.74,-0.013715845218200795
47.760000000000005,-0.01435733113361981
47.78,-0.014998449218062593
47.8,-0.01563919793521784
47.82,-0.016279575725008266
47.84,-0.016919581003166262
47.86,-0.017559212160852544
47.879999999999995,-0.01819846756432464
47.900000000000006,-0.018837345554656215
47.92,-0.019475844447511825
47.94,-0.02011396253298159
47.96,-0.020751698075479386
47.980000000000004,-0.021389049313707775
48.0,-0.022026014460698184
48.019999999999996,-0.022662591703923374
48.04,-0.023298779205494946
48.06,-0.0239345751024439
48.08,-0.024569977507091112
48.1,-0.02520498450751074
48.120000000000005,-0.025839594168091673
48.14,-0.026473804530197098
48.16,-0.02710761361292835
48.18,-0.027741019413994095
48.2,-0.028374019910686443
48.22,-0.02900661306096486
48.24,-0.02963879680464976
48.260000000000005,-0.03027056906472525
48.28,-0.03090192774874967
48.3,-0.031532870750372366
48.32,-0.03216339595095641
48.34,-0.032793501221301424
48.36,-0.03342318442346448
48.379999999999995,-0.034052443412674216
48.400000000000006,-0.03468127603933113
48.42,-0.03530968015109248
48.44,-0.03593765359502776
48.46,-0.036565194219843944
48.480000000000004,-0.0371922998781683
48.5,-0.037818968428880995
48.519999999999996,-0.038445197739488735
48.54,-0.03907098568852829
48.56,-0.039696330167990124
48.58,-0.040321229085751975
48.6,-0.04094568036801105
48.620000000000005,-0.041569681961703187
48.64,-0.04219323183689827
48.66,-0.04281632798916124
48.68,-0.04343896844186612
48.7,-0.04406115124845411
48.72,-0.04468287449462238
48.74,-0.04530413630043617
48.760000000000005,-0.04592493482235205
48.78,-0.04654526825514416
48.8,-0.047165134833723865
48.82,-0.047784532834845406
48.84,-0.04840346057868983
48.86,-0.049021916430320944
48.879999999999995,-0.04963989880100739
48.900000000000006,-0.05025740614940455
48.92,-0.05087443698259664
48.94,-0.051490989856991076
48.96,-0.05210706337906623
48.980000000000004,-0.052722656205971385
49.0,-0.05333776704597848
49.019999999999996,-0.05395239465878632
49.04,-0.05456653785568
49.06,-0.05518019549955011
49.08,-0.05579336650477229
49.1,-0.05640604983695474
49.120000000000005,-0.05701824451255921
49.14,-0.057629949598399954
49.16,-0.05824116421103109
49.18,-0.05885188751602688
49.2,-0.05946211872716611
49.22,-0.060071857105527315
49.24,-0.060681101958506733
49.260000000000005,-0.061289852638765185
49.28,-0.06189810854311695
49.3,-0.06250586911136968
49.32,-0.0631131338251234
49.34,-0.06371990220654211
49.36,-0.06432617381710526
49.379999999999995,-0.0649319482563494
49.400000000000006,-0.06553722516060922
49.42,-0.0661420042017673
49.44,-0.06674628508602087
49.46,-0.06735006755267414
49.480000000000004,-0.06795335137296032
49.5,-0.06855613634890512
49.519999999999996,-0.06915842231223313
49.54,-0.0697602091233247
49.56,-0.07036149667022695
49.58,-0.07096228486772149
49.6,-0.07156257365645358
49.620000000000005,-0.07216236300212342
49.64,-0.07276165289473802
49.66,-0.07336044334792957
49.68,-0.07395873439833334
49.7,-0.07455652610502816
49.72,-0.07515381854903358
49.74,-0.07575061183286325
49.760000000000005,-0.07634690608012884
49.78,-0.07694270143519155
49.8,-0.07753799806285433
49.82,-0.07813279614809021
49.84,-0.07872709589580063
49.86,-0.07932089753059679
49.879999999999995,-0.07991420129659743
49.900000000000006,-0.08050700745723438
49.92,-0.08109931629506228
49.94,-0.08169112811155887
49.96,-0.08228244322691636
49.980000000000004,-0.08287326197980716
50.0,-0.08346358472712456
50.019999999999996,-0.0840534118436872
50.04,-0.0846427437219005
50.06,-0.08523158077136883
50.08,-0.08581992341845335
50.1,-0.08640777210576722
50.120000000000005,-0.08699512729160586
50.14,-0.08758198944930407
50.16,-0.08816835906651932
50.18,-0.08875423664443327
50.2,-0.08933962269687368
50.22,-0.08992451774934929
50.24,-0.09050892233799956
50.260000000000005,-0.09109283700845594
50.28,-0.09167626231461656
50.3,-0.09225919881733102
50.32,-0.09284164708300102
50.34,-0.09342360768209323
50.36,-0.09400508118757223
50.379999999999995,-0.09458606817324966
50.400000000000006,-0.09516656921206024
50.42,-0.09574658487426146
50.44,-0.09632611572556715
50.46,-0.0969051623252164
50.480000000000004,-0.09748372522398352
50.5,-0.09806180496213579
50.519999999999996,-0.09863940206734434
50.54,-0.09921651705255308
50.56,-0.09979315041381498
50.58,-0.10036930262809951
50.6,-0.10094497415107984
50.620000000000005,-0.10152016541490538
50.64,-0.10209487682596952
50.66,-0.10266910876267399
50.68,-0.10324286157320373
50.7,-0.10381613557331382
50.72,-0.10438893104413827
50.74,-0.10496124823002739
50.760000000000005,-0.10553308733641853
50.78,-0.10610444852774936
50.8,-0.10667533192541889
50.82,-0.10724573760580258
50.84,-0.10781566559832889
50.86,-0.10838511588362121
50.879999999999995,-0.10895408839171361
50.900000000000006,-0.1095225830003439
50.92,-0.11009059953333211
50.94,-0.11065813775904698
50.96,-0.11122519738896752
50.980000000000004,-0.11179177807634555
51.0,-0.11235787941497055
51.019999999999996,-0.11292350093804682
51.04,-0.11348864211718357
51.06,-0.11405330236150402
51.08,-0.11461748101687652
51.1,-0.11518117736527667
51.120000000000005,-0.11574439062427622
51.14,-0.11630711994667187
51.16,-0.11686936442025009
51.18,-0.11743112306769621
51.2,-0.11799239484665036
51.22,-0.11855317864991155
51.24,-0.11911347330579469
51.260000000000005,-0.11967327757864299
51.28,-0.12023259016949772
51.3,-0.12079140971692792
51.32,-0.12134973479802069
51.34,-0.12190756392953606
51.36,-0.1224648955692248
51.379999999999995,-0.12302172811731049
51.400000000000006,-0.12357805991813753
51.42,-0.12413388926198221
51.44,-0.12468921438702874
51.46,-0.1252440334815056
51.480000000000004,-0.12579834468598317
51.5,-0.12635214609582868
51.519999999999996,-0.12690543576381297
51.54,-0.12745821170286997
51.56,-0.12801047188899906
51.58,-0.12856221426430714
51.6,-0.12911343674018572
51.620000000000005,-0.12966413720061187
51.64,-0.13021431350556956
51.66,-0.13076396349458042
51.68,-0.13131308499033534
51.7,-0.13186167580241803
51.72,-0.13240973373110765
51.74,-0.13295725657125224
51.760000000000005,-0.13350424211619827
51.78,-0.13405068816176668
51.8,-0.13459659251025924
51.82,-0.13514195297448506
51.84,-0.13568676738179186
51.86,-0.13623103357808752
51.879999999999995,-0.13677474943183876
51.900000000000006,-0.1373179128380313
51.92,-0.13786052172207786
51.94,-0.13840257404365863
51.96,-0.1389440678004804
51.980000000000004,-0.13948500103193873
52.0,-0.14002537182267127
52.02,-0.14056517830598603
52.04,-0.1411044186671535
52.06,-0.14164309114654783
52.08,-0.1421811940426272
52.1,-0.14271872571474076
52.12,-0.143255684585751
52.14,-0.14379206914446374
52.160000000000004,-0.14432787794785518
52.18,-0.1448631096230888
52.2,-0.14539776286931705
52.22,-0.14593183645925867
52.24,-0.14646532924055145
52.26,-0.14699824013687413
52.28,-0.14753056814883647
52.3,-0.14806231235463696
52.32,-0.14859347191048855
52.34,-0.14912404605081286
52.36,-0.14965403408820743
52.38,-0.15018343541318857
52.4,-0.1507122494937162
52.42,-0.15124047587450506
52.44,-0.15176811417613234
52.46,-0.15229516409394572
52.480000000000004,-0.15282162539678668
52.5,-0.15334749792553237
52.52,-0.15387278159147288
52.54,-0.15439747637453172
52.56,-0.15492158232134057
52.58,-0.1554450995431843
52.6,-0.15596802821382671
52.62,-0.15649036856722875
52.64,-0.15701212089517458
52.660000000000004,-0.1575332855448186
52.68,-0.1580538629161643
52.7,-0.15857385345949104
52.72,-0.1590932576727383
52.74,-0.15961207609886274
52.76,-0.16013030932317796
52.78,-0.16064795797068898
52.8,-0.1611650227034347
52.82,-0.16168150421784244
52.84,-0.16219740324211263
52.86,-0.16271272053363528
52.88,-0.16322745687644968
52.9,-0.163741613078754
52.92,-0.16425518997047062
52.94,-0.16476818840087415
52.96,-0.1652806092362844
52.980000000000004,-0.16579245335782866
53.0,-0.16630372165927987
53.02,-0.1668144150449664
53.04,-0.16732453442776052
53.06,-0.16783408072714134
53.08,-0.16834305486733803
53.1,-0.16885145777554456
53.12,-0.16935929038021258
53.14,-0.16986655360941583
53.160000000000004,-0.17037324838928403
53.18,-0.17087937564250588
53.2,-0.17138493628689644
53.22,-0.17188993123402507
53.24,-0.17239436138790343
53.26,-0.17289822764372642
53.28,-0.17340153088666566
53.3,-0.17390427199071168
53.32,-0.1744064518175591
53.34,-0.17490807121553642
53.36,-0.17540913101857425
53.38,-0.1759096320452097
53.4,-0.17640957509762878
53.42,-0.1769089609607396
53.44,-0.1774077904012814
53.46,-0.17790606416696286
53.480000000000004,-0.17840378298563586
53.5,-0.17890094756449948
53.52,-0.1793975585893378
53.54,-0.17989361672379478
53.56,-0.18038912260868312
53.58,-0.18088407686133479
53.6,-0.18137848007499136
53.62,-0.18187233281824167
53.64,-0.18236563563450514
53.660000000000004,-0.18285838904156848
53.68,-0.18335059353117777
53.7,-0.18384224956868978
53.72,-0.18433335759278657
53.74,-0.1848239180152581
53.76,-0.1853139312208546
53.78,-0.1858033975672143
53.8,-0.1862923173848695
53.82,-0.1867806909773333
53.84,-0.1872685186212687
53.86,-0.18775580056674546
53.88,-0.1882425370375822
53.9,-0.18872872823177866
53.92,-0.18921437432203458
53.94,-0.18969947545635835
53.96,-0.19018403175876275
53.980000000000004,-0.1906680433300456
54.0,-0.19115151024865362
54.02,-0.19163443257162593
54.04,-0.192116810335613
54.06,-0.19259864355796608
54.08,-0.19307993223789266
54.1,-0.1935606763576686
54.12,-0.19404087588390417
54.14,-0.194520530768853
54.160000000000004,-0.19499964095175748
54.18,-0.19547820636022062
54.2,-0.19595622691159864
54.22,-0.19643370251439807
54.24,-0.1969106330696765
54.26,-0.19738701847242957
54.28,-0.19786285861295883
54.300000000000004,-0.19833815337820748
54.32,-0.19881290265305795
54.34,-0.19928710632157798
54.36,-0.1997607642682081
54.38,-0.20023387637888113
54.4,-0.2007064425420656
54.42,-0.2011784626497266
54.44,-0.20164993659819275
54.46,-0.20212086428892972
54.480000000000004,-0.20259124562920883
54.5,-0.20306108053267102
54.52,-0.20353036891977827
54.54,-0.2039991107181539
54.56,-0.2044673058628086
54.58,-0.20493495429625053
54.6,-0.20540205596848304
54.62,-0.20586861083688923
54.64,-0.20633461886600823
54.660000000000004,-0.20680008002720396
54.68,-0.20726499429823542
54.7,-0.20772936166273126
54.72,-0.20819318210957527
54.74,-0.20865645563221358
54.76,-0.20911918222788628
54.78,-0.20958136189679955
54.800000000000004,-0.21004299464124054
54.82,-0.21050408046465152
54.84,-0.21096461937066835
54.86,-0.21142461136213897
54.88,-0.21188405644012764
54.9,-0.21234295460292119
54.92,-0.21280130584504353
54.94,-0.21325911015629284
54.96,-0.2137163675208087
54.980000000000004,-0.2141730779161819
55.0,-0.21462924131261518
55.02,-0.2150848576721438
55.04,-0.21553992694792468
55.06,-0.21599444908360155
55.08,-0.21644842401275255
55.1,-0.21690185165842713
55.12,-0.217354731932775
55.14,-0.2178070647367738
55.160000000000004,-0.21825884996005462
55.18,-0.2187100874808321
55.2,-0.21916077716593407
55.22,-0.21961091887093576
55.24,-0.22006051244039238
55.26,-0.22050955770817204
55.28,-0.22095805449788208
55.300000000000004,-0.22140600262338583
55.32,-0.22185340188940517
55.34,-0.22230025209220228
55.36,-0.22274655302033253
55.38,-0.223192304455464
55.4,-0.22363750617325295
55.42,-0.22408215794426778
55.44,-0.22452625953495298
55.46,-0.22496981070862443
55.480000000000004,-0.22541281122648504
55.5,-0.22585526084865426
55.52,-0.22629715933519878
55.54,-0.22673850644716043
55.56,-0.22717930194756752
55.58,-0.2276195456024246
55.6,-0.2280592371816722
55.62,-0.2284983764601085
55.64,-0.22893696321826806
55.660000000000004,-0.22937499724324983
55.68,-0.22981247832949125
55.7,-0.2302494062794832
55.72,-0.2306857809044227
55.74,-0.2311216020248016
55.76,-0.2315568694709288
55.78,-0.23199158308338763
55.800000000000004,-0.2324257427134251
55.82,-0.23285934822327847
55.84,-0.23329239948643998
55.86,-0.23372489638786165
55.88,-0.23415683882410565
55.9,-0.2345882267034456
55.92,-0.23501905994592132
55.94,-0.23544933848335814
55.96,-0.23587906225935173
55.980000000000004,-0.23630823122922961
56.0,-0.23673684535999606
56.02,-0.23716490463026663
56.04,-0.23759240903020296
56.06,-0.2380193585614515
56.08,-0.23844575323710016
56.1,-0.23887159308165418
56.12,-0.23929687813104483
56.14,-0.23972160843267298
56.160000000000004,-0.24014578404549858
56.18,-0.24056940504017854
56.2,-0.24099247149926184
56.22,-0.24141498351744595
56.24,-0.24183694120189614
56.26,-0.2422583446726364
56.28,-0.24267919406300875
56.300000000000004,-0.2430994895202071
56.32,-0.24351923120588415
56.34,-0.24393841929683113
56.36,-0.24435705398573004
56.38,-0.2447751354819765
56.4,-0.24519266401256867
56.42,-0.24560963982305994
56.44,-0.2460260631785698
56.46,-0.24644193436484596
56.480000000000004,-0.24685725368937494
56.5,-0.2472720214825299
56.52,-0.2476862380987498
56.54,-0.24809990391774117
56.56,-0.24851301934569525
56.58,-0.24892558481650628
56.6,-0.24933760079298894
56.62,-0.24974906776807648
56.64,-0.25015998626599745
56.660000000000004,-0.25057035684341433
56.68,-0.2509801800905198
56.7,-0.251389456632076
56.72,-0.25179818712838997
56.74,-0.25220637227621556
56.76,-0.2526140128095723
56.78,-0.2530211095004725
56.800000000000004,-0.253427663159551
56.82,-0.2538336746365859
56.84,-0.25423914482090937
56.86,-0.2546440746416967
56.88,-0.2550484650681336
56.9,-0.25545231710945504
56.92,-0.2558556318148504
56.94,-0.2562584102732356
56.96,-0.2566606536128897
56.980000000000004,-0.257062363000952
57.0,-0.2574635396427829
57.02,-0.2578641847811869
57.04,-0.2582642996955016
57.06,-0.25866388570055077
57.08,-0.25906294414546904
57.1,-0.25946147641239803
57.12,-0.25985948391506
57.14,-0.26025696809721277
57.160000000000004,-0.26065393043099205
57.18,-0.26105037241514595
57.2,-0.2614462955731679
57.22,-0.2618417014513347
57.24,-0.2622365916166559
57.26,-0.26263096765474203
57.28,-0.26302483116759656
57.300000000000004,-0.26341818377134285
57.32,-0.2638110270938878
57.34,-0.26420336277253376
57.36,-0.26459519245154284
57.38,-0.26498651777966153
57.4,-0.2653773404076134
57.42,-0.2657676619855631
57.44,-0.26615748416056184
57.46,-0.2665468085739766
57.480000000000004,-0.2669356368589114
57.5,-0.2673239706376259
57.52,-0.26771181151895285
57.54,-0.26809916109572474
57.56,-0.26848602094220797
57.58,-0.2688723926115537
57.6,-0.2692582776332657
57.62,-0.26964367751068974
57.64,-0.2700285937185275
57.660000000000004,-0.27041302770037745
57.68,-0.2707969808663051
57.7,-0.2711804545904455
57.72,-0.27156345020863837
57.74,-0.271945969016099
57.76,-0.2723280122651248
57.78,-0.27270958116284116
57.800000000000004,-0.2730906768689839
57.82,-0.2734713004937227
57.84,-0.2738514530955255
57.86,-0.27423113567906165
57.88,-0.274610349193149
57.9,-0.27498909452874043
57.92,-0.27536737251695453
57.94,-0.2757451839271472
57.96,-0.2761225294650269
57.980000000000004,-0.27649940977081267
58.0,-0.2768758254174335
58.02,-0.27725177690877356
58.04,-0.2776272646779576
58.06,-0.27800228908568125
58.08,-0.2783768504185846
58.1,-0.2787509488876685
58.12,-0.2791245846267545
58.14,-0.2794977576909884
58.160000000000004,-0.2798704680553876
58.18,-0.28024271561343184
58.2,-0.2806145001756989
58.22,-0.28098582146854334
58.24,-0.2813566791328207
58.26,-0.28172707272265685
58.28,-0.28209700170426233
58.300000000000004,-0.2824664654547925
58.32,-0.28283546326125664
58.34,-0.2832039943194723
58.36,-0.2835720577330707
58.38,-0.28393965251255127
58.4,-0.2843067775743888
58.42,-0.2846734317401942
58.44,-0.2850396137359309
58.46,-0.2854053221911903
58.480000000000004,-0.2857705556385278
58.5,-0.28613531251286384
58.52,-0.2864995911509529
58.54,-0.2868633897909244
58.56,-0.28722670657190086
58.58,-0.28758953953369726
58.6,-0.28795188661660764
58.62,-0.2883137456612861
58.64,-0.2886751144087255
58.660000000000004,-0.2890359905003448
58.68,-0.2893963714781901
58.7,-0.28975625478525735
58.72,-0.29011563776594707
58.74,-0.29047451766665866
58.76,-0.29083289163653336
58.78,-0.2911907567283566
58.800000000000004,-0.29154810989962965
58.82,-0.29190494801382005
58.84,-0.2922612678418034
58.86,-0.292617066063503
58.88,-0.2929723392697443
58.9,-0.29332708396432905
58.92,-0.2936812965663431
58.94,-0.2940349734127059
58.96,-0.2943881107609748
58.980000000000004,-0.29474070479241
59.0,-0.29509275161531123
59.02,-0.2954442472686346
59.04,-0.2957951877258955
59.06,-0.29614556889936594
59.08,-0.2964953866445691
59.1,-0.2968446367650799
59.12,-0.2971933150176286
59.14,-0.2975414171175138
59.160000000000004,-0.2978889387443231
59.18,-0.29823587554796027
59.2,-0.2985822231549745
59.22,-0.29892797717518826
59.24,-0.29927313320861604
59.26,-0.29961768685266654
59.28,-0.29996163370961415
59.300000000000004,-0.30030496939433093
59.32,-0.30064768954226306
59.34,-0.30098978981763114
59.36,-0.3013312659218427
59.38,-0.30167211360208934
59.4,-0.3020123286601091
59.42,-0.3023519069610885
59.44,-0.3026908444426776
59.46,-0.3030291371240893
59.480000000000004,-0.30336678111525306
59.5,-0.30370377262599335
59.52,-0.3040401079751959
59.54,-0.30437578359993134
59.56,-0.3047107960644999
59.58,-0.30504514206935884
59.6,-0.30537881845990067
59.62,-0.3057118222350391
59.64,-0.30604415055556977
59.660000000000004,-0.30637580075226545
59.68,-0.30670677033366966
59.7,-0.3070370569935499
59.72,-0.30736665861797696
59.74,-0.3076955732919915
59.76,-0.3080237993058256
59.78,-0.30835133516064384
59.800000000000004,-0.30867817957377686
59.82,-0.3090043314834109
59.84,-0.30932979005271133
59.86,-0.3096545546733511
59.88,-0.3099786249684231
59.9,-0.31030200079471315
59.92,-0.3106246822443183
59.94,-0.3109466696455938
59.96,-0.3112679635634169
59.980000000000004,-0.3115885647987583
60.0,-0.31190847438755764
60.02,-0.31222769359889735
60.04,-0.3125462239324779
60.06,-0.3128640671154004
60.08,-0.31318122509825874
60.1,-0.31349770005056066
60.12,-0.31381349435548356
60.14,-0.314128610603991
60.160000000000004,-0.3144430515883244
60.18,-0.3147568202948995
60.2,-0.31506991989662925
60.22,-0.3153823537447097
60.24,-0.3156941253598964
60.26,-0.3160052384233085
60.28,-0.3163156967667994
60.300000000000004,-0.3166255043629326
60.32,-0.31693466531460346
60.34,-0.3172431838443529
60.36,-0.31755106428341506
60.38,-0.3178583110605464
60.4,-0.3181649286906839
60.42,-0.3184709217634767
60.44,-0.3187762949317423
60.46,-0.3190810528998933
60.480000000000004,-0.31938520041238316
60.5,-0.3196887422422172
60.52,-0.31999168317957694
60.54,-0.32029402802060025
60.56,-0.3205957815563657
60.58,-0.32089694856211903
60.6,-0.3211975337867877
60.62,-0.32149754194281677
60.64,-0.3217969776963683
60.660000000000004,-0.32209584565791505
60.68,-0.32239415037326213
60.7,-0.32269189631502504
60.72,-0.3229890878745906
60.74,-0.3232857293545852
60.76,-0.3235818249618686
60.78,-0.3238773788010738
60.800000000000004,-0.3241723948687033
60.82,-0.32446687704779664
60.84,-0.3247608291031735
60.86,-0.3250542546772598
60.88,-0.32534715728649566
60.9,-0.3256395403183252
60.92,-0.32593140702876366
60.94,-0.3262227605405319
60.96,-0.32651360384175043
60.980000000000004,-0.3268039397851771
61.0,-0.32709377108797455
61.02,-0.32738310033198825
61.04,-0.32767192996451366
61.06,-0.3279602622995319
61.08,-0.32824809951938627
61.1,-0.32853544367687615
61.12,-0.3288222966977389
61.14,-0.32910866038349107
61.160000000000004,-0.32939453641459693
61.18,-0.32967992635393795
61.2,-0.32996483165054513
61.22,-0.3302492536435667
61.24,-0.33053319356643873
61.26,-0.33081665255122106
61.28,-0.33109963163307476
61.300000000000004,-0.33138213175484166
61.32,-0.33166415377170055
61.34,-0.3319456984558653
61.36,-0.33222676650129923
61.38,-0.3325073585284152
61.4,-0.3327874750887355
61.42,-0.3330671166694864
61.44,-0.3333462836981026
61.46,-0.3336249765466197
61.480000000000004,-0.3339031955359353
61.5,-0.33418094093991746
61.52,-0.3344582129893484
61.54,-0.3347350118756829
61.56,-0.33501133775461345
61.58,-0.3352871907494305
61.6,-0.3355625709541663
61.62,-0.3358374784365199
61.64,-0.33611191324055445
61.660000000000004,-0.3363858753891682
61.68,-0.33665936488633585
61.7,-0.3369323817191191
61.72,-0.3372049258594567
61.74,-0.33747699726572766
61.76,-0.3377485958841032
61.78,-0.3380197216496901
61.800000000000004,-0.33829037448747246
61.82,-0.33856055431306653
61.84,-0.33883026103329694
61.86,-0.3390994945466037
61.88,-0.3393682547432981
61.9,-0.3396365415056761
61.92,-0.33990435470800573
61.94,-0.34017169421640026
61.96,-0.34043855988859417
61.980000000000004,-0.3407049515736357
62.0,-0.3409708691115073
62.02,-0.34123631233269425
62.04,-0.34150128105771005
62.06,-0.3417657750965939
62.08,-0.3420297942483965
62.1,-0.342293338300661
62.12,-0.3425564070289151
62.14,-0.34281900019618583
62.160000000000004,-0.34308111755254334
62.18,-0.34334275883468657
62.2,-0.34360392376558013
62.22,-0.34386461205414454
62.24,-0.34412482339501305
62.26,-0.34438455746835583
62.28,-0.3446438139397786
62.300000000000004,-0.34490259246029786
62.32,-0.3451608926663967
62.34,-0.3454187141801608
62.36,-0.34567605660949763
62.38,-0.3459329195484384
62.4,-0.34618930257751834
62.42,-0.34644520526424094
62.44,-0.34670062716361416
62.46,-0.34695556781876513
62.480000000000004,-0.3472100267616228
62.5,-0.34746400351366724
62.52,-0.3477174975867424
62.54,-0.3479705084839241
62.56,-0.34822303570044033
62.58,-0.34847507872464034
62.6,-0.34872663703900164
62.62,-0.3489777101211752
62.64,-0.34922829744506
62.660000000000004,-0.34947839848190254
62.68,-0.34972801270141607
62.7,-0.34997713957291277
62.72,-0.3502257785664479
62.74,-0.35047392915396547
62.76,-0.35072159081044574
62.78,-0.3509687630150482
62.800000000000004,-0.351215445252246
62.82,-0.3514616370129492
62.84,-0.3517073377956119
62.86,-0.3519525471073227
62.88,-0.35219726446487243
62.9,-0.35244148939579945
62.92,-0.3526852214394096
62.94,-0.3529284601477666
62.96,-0.353171205086655
62.980000000000004,-0.3534134558365104
63.0,-0.35365521199331673
63.02,-0.35389647316947037
63.04,-0.3541372389946065
63.06,-0.35437750911639
63.08,-0.3546172832012672
63.1,-0.35485656093517715
63.12,-0.3550953420242223
63.14,-0.3553336261952955
63.160000000000004,-0.35557141319666186
63.18,-0.35580870279849597
63.2,-0.3560454947933682
63.22,-0.35628178899668284
63.24,-0.35651758524706256
63.26,-0.3567528834066782
63.28,-0.35698768336152154
63.300000000000004,-0.3572219850216195
63.32,-0.35745578832118485
63.34,-0.3576890932187037
63.36,-0.357921899696955
63.38,-0.35815420776296236
63.4,-0.35838601744787335
63.42,-0.35861732880676467
63.44,-0.35884814191837433
63.46,-0.35907845688475326
63.480000000000004,-0.35930827383084185
63.5,-0.3595375929039646
63.52,-0.3597664142732474
63.54,-0.3599947381289541
63.56,-0.36022256468174285
63.58,-0.36044989416184603
63.6,-0.3606767268181733
63.62,-0.360903062917341
63.64,-0.3611289027426293
63.660000000000004,-0.3613542465928741
63.68,-0.36157909478129546
63.7,-0.36180344763426797
63.72,-0.3620273054900397
63.74,-0.3622506686974071
63.76,-0.36247353761434964
63.78,-0.36269591260663625
63.800000000000004,-0.36291779404640967
63.82,-0.36313918231075626
63.84,-0.3633600777802751
63.86,-0.36358048083765027
63.88,-0.3638003918662416
63.9,-0.36401981124870086
63.92,-0.36423873936562534
63.94,-0.364457176594258
63.96,-0.36467512330724694
63.980000000000004,-0.36489257987146984
64.0,-0.36510954664693873
64.02000000000001,-0.36532602398579117
64.03999999999999,-0.3655420122313764
64.06,-0.3657575117174461
64.08,-0.3659725227674586
64.1,-0.36618704569399885
64.12,-0.366401080798326
64.14,-0.36661462837004866
64.16,-0.36682768868693305
64.18,-0.36704026201484674
64.2,-0.3672523486078425
64.22,-0.36746394870837396
64.24000000000001,-0.3676750625476537
64.25999999999999,-0.36788569034614005
64.28,-0.3680958323141581
64.30000000000001,-0.3683054886526429
64.32,-0.3685146595540043
64.34,-0.3687233452031011
64.36,-0.3689315457783202
64.38,-0.36913926145274667
64.4,-0.3693464923954197
64.42,-0.3695532387726559
64.44,-0.36975950074943253
64.46000000000001,-0.36996527849081695
64.48,-0.3701705721634234
64.5,-0.37037538193689157
64.52000000000001,-0.3705797079853639
64.53999999999999,-0.37078355048895095
64.56,-0.37098690963517056
64.58,-0.371189785620343
64.6,-0.3713921786509313
64.62,-0.3715940889448086
64.64,-0.3717955167324427
64.66,-0.37199646225798344
64.68,-0.3721969257802398
64.7,-0.3723969075735374
64.72,-0.37259640792844717
64.74000000000001,-0.3727954271523717
64.75999999999999,-0.3729939655699894
64.78,-0.3731920235235431
64.80000000000001,-0.3733896013729723
64.82,-0.3735866994958861
64.84,-0.37378331828737243
64.86,-0.3739794581596474
64.88,-0.3741751195415406
64.9,-0.3743703028778278
64.92,-0.37456500862840514
64.94,-0.37475923726731986
64.96000000000001,-0.3749529892816612
64.98,-0.3751462651703181
65.0,-0.37533906544261897
65.02000000000001,-0.37553139061685936
65.03999999999999,-0.37572324121873346
65.06,-0.3759146177796817
65.08,-0.37610552083516646
65.1,-0.3762959509228936
65.12,-0.37648590858099173
65.14,-0.3766753943461665
65.16,-0.37686440875184624
65.18,-0.3770529523263304
65.2,-0.37724102559096306
65.22,-0.3774286290583375
65.24000000000001,-0.3776157632305581
65.25999999999999,-0.37780242859756163
65.28,-0.3779886256355194
65.30000000000001,-0.37817435480533046
65.32,-0.37835961655121886
65.34,-0.3785444112994396
65.36,-0.37872873945711194
65.38,-0.37891260141118077
65.4,-0.37909599752751455
65.42,-0.37927892815014963
65.44,-0.37946139360067765
65.46000000000001,-0.37964339417778414
65.48,-0.3798249301569383
65.5,-0.38000600179023336
65.52000000000001,-0.38018660930637505
65.53999999999999,-0.38036675291081834
65.56,-0.38054643278604505
65.58,-0.3807256490919788
65.6,-0.38090440196653197
65.62,-0.38108269152627483
65.64,-0.38126051786722037
65.66,-0.3814378810657162
65.68,-0.38161478117943237
65.7,-0.381791218248436
65.72,-0.3819671922963428
65.74000000000001,-0.38214270333153233
65.75999999999999,-0.3823177513484204
65.78,-0.3824923363287729
65.80000000000001,-0.3826664582430537
65.82,-0.3828401170517959
65.84,-0.3830133127069837
65.86,-0.383186045153441
65.88,-0.3833583143302115
65.9,-0.383530120171927
65.92,-0.38370146261015403
65.94,-0.3838723415747147
65.96000000000001,-0.3840427569949736
65.98,-0.38421270880108893
66.0,-0.3843821969252219
66.02000000000001,-0.3845512213027056
66.03999999999999,-0.384719781873168
66.06,-0.38488787858161144
66.08,-0.3850555113794487
66.1,-0.385222680225497
66.12,-0.385389385086933
66.14,-0.38555562594021153
66.16,-0.38572140277195377
66.18,-0.38588671557980736
66.2,-0.38605156437328625
66.22,-0.3862159491745949
66.24000000000001,-0.38637987001944296
66.25999999999999,-0.3865433269578593
66.28,-0.3867063200550065
66.30000000000001,-0.3868688493920107
66.32,-0.38703091506680365
66.34,-0.38719251719499304
66.36,-0.3873536559107573
66.38,-0.38751433136777846
66.4,-0.3876745437402118
66.42,-0.38783429322369956
66.44,-0.3879935800364307
66.46000000000001,-0.388152404420248
66.48,-0.38831076664180597
66.5,-0.3884686669937769
66.52000000000001,-0.3886261057961069
66.53999999999999,-0.38878308339731604
66.56,-0.3889396001758434
66.58,-0.38909565654143075
66.6,-0.3892512529365362
66.62,-0.3894063898377764
66.64,-0.3895610677573851
66.66,-0.3897152872446794
66.68,-0.3898690488875254
66.7,-0.3900223533137914
66.72,-0.39017520119277305
66.74000000000001,-0.39032759323658484
66.75999999999999,-0.3904795302014963
66.78,-0.3906310128892061
66.80000000000001,-0.3907820421480346
66.82,-0.3909326188740221
66.84,-0.39108274401191867
66.86,-0.3912324185560494
66.88,-0.39138164355104
66.9,-0.39153042009239214
66.92,-0.3916787493268892
66.94,-0.391826632452823
66.96000000000001,-0.39197407072002877
66.98,-0.3921210654297145
67.0,-0.3922676179340785
67.02000000000001,-0.39241372963569887
67.03999999999999,-0.39255940198669603
67.06,-0.3927046364876525
67.08,-0.3928494346862923
67.1,-0.3929937981759102
67.12,-0.39313772859355356
67.14,-0.39328122761795425
67.16,-0.3934242969672128
67.18,-0.3935669383962368
67.2,-0.39370915369393966
67.22,-0.39385094468020765
67.24000000000001,-0.39399231320263994
67.25999999999999,-0.39413326113307656
67.28,-0.39427379036392196
67.30000000000001,-0.3944139028042799
67.32,-0.3945536003759136
67.34,-0.39469288500904787
67.36,-0.3948317586380312
67.38,-0.39497022319687414
67.4,-0.39510828061468684
67.42,-0.3952459328110345
67.44,-0.39538318169123166
67.46000000000001,-0.3955200291415992
67.48,-0.39565647702470486
67.5,-0.39579252717460967
67.52000000000001,-0.3959281813921429
67.53999999999999,-0.3960634414402324
67.56,-0.396198309039304
67.58,-0.39633278586278053
67.6,-0.39646687353269905
67.62,-0.39660057361546275
67.64,-0.3967338876177551
67.66,-0.3968668169826295
67.68,-0.39699936308579353
67.7,-0.39713152723210476
67.72,-0.3972633106522958
67.74000000000001,-0.39739471449993546
67.75999999999999,-0.39752573984864625
67.78,-0.39765638768958467
67.80000000000001,-0.39778665892919274
67.82,-0.3979165543872305
67.84,-0.3980460747950938
67.86,-0.3981752207944218
67.88,-0.3983039929359953
67.9,-0.3984323916789285
67.92,-0.39856041739015136
67.94,-0.3986880703441811
67.96000000000001,-0.39881535072317664
67.98,-0.39894225861727284
68.0,-0.3990687940251867
68.02000000000001,-0.39919495685508455
68.03999999999999,-0.39932074692570474
68.06,-0.39944616396772137
68.08,-0.3995712076253408
68.1,-0.39969587745811586
68.12,-0.399820172942964
68.14,-0.3999440934763794
68.16,-0.40006763837682
68.18,-0.40019080688725817
68.2,-0.40031359817787693
68.22,-0.40043601134890205
68.24000000000001,-0.40055804543354667
68.25999999999999,-0.40067969940106196
68.28,-0.40080097215987487
68.30000000000001,-0.4009218625607993
68.32,-0.4010423694003056
68.34,-0.4011624914238383
68.36,-0.4012822273291674
68.38,-0.4014015757697593
68.4,-0.4015205353581597
68.42,-0.4016391046693757
68.44,-0.401757282244247
68.46000000000001,-0.4018750665927986
68.48,-0.4019924561975645
68.5,-0.4021094495168791
68.52000000000001,-0.4022260449881243
68.53999999999999,-0.40234224103093075
68.56,-0.40245803605032715
68.58,-0.402573428439831
68.6,-0.40268841658448107
68.62,-0.4028029988638058
68.64,-0.40291717365472324
68.66,-0.40303093933437806
68.68,-0.4031442942829042
68.7,-0.4032572368861189
68.72,-0.40336976553814563
68.74000000000001,-0.40348187864396223
68.75999999999999,-0.4035935746218793
68.78,-0.40370485190594185
68.80000000000001,-0.40381570894825924
68.82,-0.40392614422125983
68.84,-0.4040361562198702
68.86,-0.40414574346362
68.88,-0.40425490449866874
68.9,-0.40436363789975593
68.92,-0.40447194227207084
68.94,-0.4045798162530432
68.96000000000001,-0.4046872585140511
68.98,-0.40479426776204264
69.0,-0.4049008427410732
69.02000000000001,-0.4050069822337512
69.03999999999999,-0.4051126850625939
69.06,-0.40521795009128536
69.08,-0.40532277622583823
69.1,-0.4054271624156547
69.12,-0.40553110765448097
69.14,-0.40563461098125675
69.16,-0.4057376714808536
69.18,-0.40584028828469987
69.2,-0.40594246057129
69.22,-0.40604418756657856
69.24000000000001,-0.40614546854425115
69.25999999999999,-0.40624630282587715
69.28,-0.40634668978094046
69.30000000000001,-0.40644662882674876
69.32,-0.40654611942822005
69.34,-0.40664516109755233
69.36,-0.40674375339377056
69.38,-0.40684189592216224
69.4,-0.40693958833359933
69.42,-0.40703683032375193
69.44,-0.40713362163219946
69.46000000000001,-0.407229962041445
69.48,-0.40732585137584154
69.5,-0.4074212895004301
69.52000000000001,-0.4075162763197093
69.53999999999999,-0.4076108117763355
69.56,-0.40770489584976644
69.58,-0.40779852855485976
69.6,-0.407891709940434
69.62,-0.40798444008780477
69.64,-0.40807671910930376
69.66,-0.40816854714679773
69.68,-0.4082599243702114
69.7,-0.40835085097606916
69.72,-0.40844132718606674
69.74000000000001,-0.4085313532456798
69.75999999999999,-0.40862092942282335
69.78,-0.4087100560065666
69.80000000000001,-0.40879873330591754
69.82,-0.40888696164867744
69.84,-0.40897474138038037
69.86,-0.4090620728633143
69.88,-0.40914895647563765
69.9,-0.4092353926105854
69.92,-0.40932138167577503
69.94,-0.40940692409260526
69.96000000000001,-0.4094920202957537
69.98,-0.4095766707327646
70.0,-0.4096608758637308
70.02000000000001,-0.4097446361610557
70.03999999999999,-0.4098279521092971
70.06,-0.4099108242050806
70.08,-0.40999325295707356
70.1,-0.4100752388860125
70.12,-0.41015678252476917
70.14,-0.4102378844184438
70.16,-0.4103185451244744
70.18,-0.41039876521274543
70.2,-0.4104785452656823
70.22,-0.41055788587831676
70.24000000000001,-0.4106367876583088
70.25999999999999,-0.4107152512259076
70.28,-0.41079327721383696
70.30000000000001,-0.4108708662670921
70.32,-0.41094801904263156
70.34,-0.41102473620894875
70.36,-0.41110101844551283
70.38,-0.41117686644206675
70.4,-0.41125228089776833
70.42,-0.4113272625201687
70.44,-0.4114018120240184
70.46000000000001,-0.4114759301298909
70.48,-0.41154961756262853
70.5,-0.4116228750495954
70.52000000000001,-0.4116957033187465
70.53999999999999,-0.4117681030965088
70.56,-0.4118400751054787
70.58,-0.4119116200619406
70.6,-0.41198273867321444
70.62,-0.4120534316348412
70.64,-0.4121236996276172
70.66,-0.4121935433144903
70.68,-0.4122629633373349
70.7,-0.41233196031361863
70.72,-0.41240053483298467
70.74000000000001,-0.41246868745376397
70.75999999999999,-0.4125364186994429
70.78,-0.4126037290551079
70.80000000000001,-0.4126706189638867
70.82,-0.4127370888234163
70.84,-0.4128031389823581
70.86,-0.4128687697369864
70.88,-0.4129339813278743
70.9,-0.41299877393670426
70.92,-0.41306314768322383
70.94,-0.41312710262237506
70.96000000000001,-0.41319063874161444
70.98,-0.41325375595845215
71.0,-0.41331645411822415
71.02000000000001,-0.4133787329921219
71.03999999999999,-0.41344059227549024
71.06,-0.4135020315864184
71.08,-0.41356305046462594
71.1,-0.41362364837066345
71.12,-0.41368382468543263
71.14,-0.41374357871003364
71.16,-0.4138029096659428
71.18,-0.4138618166955219
71.2,-0.4139202988628603
71.22,-0.4139783551549412
71.24000000000001,-0.4140359844831327
71.25999999999999,-0.41409318568499054
71.28,-0.41414995752636075
71.30000000000001,-0.4142062987037747
71.32,-0.4142622078471163
71.34,-0.4143176835225453
71.36,-0.4143727242356601
71.38,-0.4144273284348776
71.4,-0.41448149451500793
71.42,-0.4145352208210027
71.44,-0.414588505651853
71.46000000000001,-0.41464134726460955
71.48,-0.4146937438785041
71.5,-0.4147456936791438
71.52000000000001,-0.41479719482275446
71.53999999999999,-0.41484824544044896
71.56,-0.4148988436424921
71.58,-0.4149489875225456
71.6,-0.41499867516186195
71.62,-0.4150479046334141
71.64,-0.4150966740059332
71.66,-0.41514498134784117
71.68,-0.4151928247310599
71.7,-0.4152402022346813
71.72,-0.415287111948484
71.74000000000001,-0.4153335519762913
71.75999999999999,-0.41537952043915216
71.78,-0.41542501547834876
71.80000000000001,-0.41547003525821724
71.82,-0.41551457796878744
71.84,-0.415558641828232
71.86,-0.41560222508513744
71.88,-0.41564532602059057
71.9,-0.4156879429500928
71.92,-0.4157300742253085
71.94,-0.41577171823565373
71.96000000000001,-0.41581287340973905
71.98,-0.4158535382166766
72.0,-0.4158937111672638
72.02000000000001,-0.4159333908150582
72.03999999999999,-0.41597257575735824
72.06,-0.41601126463610383
72.08,-0.41604945613871136
72.1,-0.41608714899885846
72.12,-0.41612434199723514
72.14,-0.41616103396227166
72.16,-0.41619722377086155
72.18,-0.4162329103490878
72.2,-0.4162680926729678
72.22,-0.416302769769227
72.24000000000001,-0.41633694071610705
72.25999999999999,-0.4163706046442226
72.28,-0.4164037607374671
72.30000000000001,-0.41643640823397465
72.32,-0.4164685464271425
72.34,-0.41650017466670985
72.36,-0.41653129235990005
72.38,-0.416561898972615
72.4,-0.4165919940306835
72.42,-0.4166215771211561
72.44,-0.4166506478936354
72.46000000000001,-0.4166792060616378
72.48,-0.41670725140396936
72.5,-0.41673478376611084
72.52000000000001,-0.41676180306159205
72.53999999999999,-0.4167883092733431
72.56,-0.4168143024550097
72.58,-0.41683978273221345
72.6,-0.41686475030373993
72.62,-0.4168892054426425
72.64,-0.4169131484972377
72.66,-0.41693657989198285
72.68,-0.41695950012821403
72.7,-0.4169819097847305
72.72,-0.41700380951821026
72.74000000000001,-0.41702520006344246
72.75999999999999,-0.4170460822333619
72.78,-0.41706645691887645
72.80000000000001,-0.4170863250884733
72.82,-0.41710568778759693
72.84,-0.4171245461377904
72.86,-0.41714290133559473
72.88,-0.41716075465120017
72.9,-0.4171781074268508
72.92,-0.41719496107499676
72.94,-0.4172113170762002
72.96000000000001,-0.41722717697679457
72.98,-0.41724254238630465
73.0,-0.41725741497463176
73.02000000000001,-0.4172717964690127
73.03999999999999,-0.41728568865076543
73.06,-0.41729909335182547
73.08,-0.4173120124510943
73.1,-0.4173244478706044
73.12,-0.41733640157152196
73.14,-0.41734787554999997
73.16,-0.417358871832894
73.18,-0.4173693924733648
73.2,-0.417379439546375
73.22,-0.41738901514409976
73.24000000000001,-0.4173981213712712
73.25999999999999,-0.417406760340463
73.28,-0.4174149341673383
73.30000000000001,-0.41742264496586956
73.32,-0.4174298948435442
73.34,-0.4174366858965697
73.36,-0.41744302020508317
73.38,-0.41744889982837985
73.4,-0.4174543268001618
73.42,-0.4174593031238152
73.44,-0.4174638307677161
73.46000000000001,-0.4174679116605684
73.48,-0.41747154768677186
73.5,-0.41747474068181245
73.52000000000001,-0.4174774924276776
73.53999999999999,-0.4174798046482786
73.56,-0.4174816790048794
73.58,-0.41748311709151187
73.6,-0.4174841204303683
73.62,-0.417484690467151
73.64,-0.4174848285663637
73.66,-0.41748453600652247
73.68,-0.41748381397526524
73.7,-0.4174826635643356
73.72,-0.417481085764418
73.74000000000001,-0.4174790814597973
73.75999999999999,-0.417476651422813
73.78,-0.417473796308087
73.80000000000001,-0.4174705166464905
73.82,-0.4174668128388239
73.84,-0.41746268514918183
73.86,-0.41745813369797347
73.88,-0.4174531584545704
73.9,-0.41744775922955446
73.92,-0.41744193566654086
73.94,-0.4174356872335474
73.96000000000001,-0.4174290132138905
73.98,-0.41742191269658235
74.0,-0.4174143845662106
74.02000000000001,-0.4174064274922833
74.03999999999999,-0.4173980399180206
74.06,-0.41738922004858514
74.08,-0.41737996583873627
74.1,-0.41737027497990575
74.12,-0.41736014488669015
74.14,-0.4173495726827592
74.16,-0.4173385551861879
74.18,-0.41732708889421755
74.2,-0.417315169967462
74.22,-0.41730279421357475
74.24000000000001,-0.4172899570703972
74.25999999999999,-0.4172766535886223
74.28,-0.41726287841399645
74.30000000000001,-0.41724862576910593
74.32,-0.41723388943478334
74.34,-0.4172186627311891
74.36,-0.4172029384986171
74.38,-0.4171867090780861
74.4,-0.4171699662917836
74.42,-0.4171527014234313
74.44,-0.41713490519865104
74.46000000000001,-0.4171165677654136
74.48,-0.41709767867466163
74.5,-0.4170782268611968
74.52000000000001,-0.41705820062493704
74.53999999999999,-0.4170375876126493
74.56,-0.4170163748002651
74.58,-0.416994548475905
74.6,-0.4169720942237254
74.62,-0.4169489969087208
74.64,-0.41692524066261427
74.66,-0.41690080887096626
74.68,-0.4168756841616523
74.7,-0.4168498483948426
74.72,-0.41682328265463986
74.74000000000001,-0.4167959672425188
74.75999999999999,-0.41676788167272294
74.78,-0.4167390046697681
74.80000000000001,-0.4167093141682088
74.82,-0.4166787873148208
74.84,-0.41664740047335114
74.86,-0.41661512923198685
74.88,-0.4165819484136941
74.9,-0.4165478320895666
74.92,-0.41651275359532947
74.94,-0.4164766855511335
74.96000000000001,-0.41643959988476253
74.98,-0.41640146785838383
75.0,-0.41636226009894606
75.02000000000001,-0.4163219466323347
75.03999999999999,-0.4162804969213705
75.06,-0.4162378799077353
75.08,-0.4161940640578916
75.1,-0.41614901741304533
75.12,-0.41610270764319135
75.14,-0.41605510210526386
75.16,-0.416006167905391
75.18,-0.4159558719652403
75.2,-0.4159041810924191
75.22,-0.4158510620548781
75.24000000000001,-0.4157964816592332
75.25999999999999,-0.41574040683291624
75.28,-0.41568280471002805
75.30000000000001,-0.4156236427207505
75.32,-0.4155628886841469
75.34,-0.4155005109041672
75.36,-0.4154364782686295
75.38,-0.41537076035094866
75.4,-0.4153033275143416
75.42,-0.41523415101822203
75.44,-0.4151632031264769
75.46000000000001,-0.41509045721728466
75.48,-0.4150158878941219
75.5,-0.4149394710975851
75.52000000000001,-0.4148611842176204
75.53999999999999,-0.41478100620575487
75.56,-0.41469891768689116
75.58,-0.41461490107021426
75.6,-0.4145289406587529
75.62,-0.4144410227571149
75.64,-0.4143511357769134
75.66,-0.41425927033939147
75.68,-0.4141654193747455
75.7,-0.4140695782176451
75.72,-0.41397174469845033
75.74000000000001,-0.4138719192296252
75.75999999999999,-0.41377010488685295
75.78,-0.4136663074843685
75.80000000000001,-0.41356053564403084
75.82,-0.4134528008576759
75.84,-0.4133431175423048
75.86,-0.4132315030876801
75.88,-0.41311797789593396
75.9,-0.4130025654128038
75.92,-0.41288529215015446
75.94,-0.4127661876994646
75.96000000000001,-0.41264528473599627
75.98,-0.41252261901340104
76.0,-0.4123982293485502
76.02000000000001,-0.412272157596425
76.03999999999999,-0.4121444486149404
76.06,-0.412015150219617
76.08,-0.41188431312807205
76.1,-0.41175199089433656
76.12,-0.41161823983305745
76.14,-0.4114831189337007
76.16,-0.41134668976490163
76.18,-0.4112090163691804
76.2,-0.41107016514827377
76.22,-0.41093020473938835
76.24000000000001,-0.41078920588273116
76.25999999999999,-0.4106472412807163
76.28,-0.4105043854492938
76.30000000000001,-0.4103607145618915
76.32,-0.4102163062864994
76.34,-0.41007123961646874
76.36,-0.4099255946956353
76.38,-0.4097794526384049
76.4,-0.40963289534547775
76.42,-0.4094860053159104
76.44,-0.40933886545623777
76.46000000000001,-0.40919155888740244
76.48,-0.40904416875024996
76.5,-0.4088967780103623
76.52000000000001,-0.4087494692630085
76.53999999999999,-0.40860232453900047
76.56,-0.4084554251122279
76.58,-0.40830885130965955
76.6,-0.4081626823245659
76.62,-0.40801699603372765
76.64,-0.4078718688193532
76.66,-0.4077273753964221
76.68,-0.4075835886461352
76.7,-0.407440579456122
76.72,-0.40729841656802446
76.74000000000001,-0.4071571664330347
76.75999999999999,-0.40701689307591815
76.78,-0.4068776579680182
76.80000000000001,-0.40673951990967927
76.82,-0.4066025349224831
76.84,-0.4064667561516315
76.86,-0.4063322337787658
76.88,-0.4061990149454413
76.9,-0.40606714368743235
76.92,-0.40593666087997593
76.94,-0.40580760419400463
76.96000000000001,-0.405680008063366
76.98,-0.40555390366295896
77.0,-0.4054293188976672
77.02000000000001,-0.4053062784019106
77.03999999999999,-0.40518480354957975
77.06,-0.4050649124740682
77.08,-0.4049466200980656
77.1,-0.40482993817272583
77.12,-0.40471487532578143
77.14,-0.40460143711813124
77.16,-0.40448962610839123
77.18,-0.4043794419248672
77.2,-0.40427088134436895
77.22,-0.40416393837726683
77.24000000000001,-0.4040586043581682
77.25999999999999,-0.40395486804156655
77.28,-0.40385271570181347
77.30000000000001,-0.40375213123674336
77.32,-0.40365309627428636
77.34,-0.4035555902813941
77.36,-0.4034595906746197
77.38,-0.4033650729316878
77.4,-0.403272010703418
77.42,-0.40318037592536515
77.44,-0.4030901389285799
77.46000000000001,-0.40300126854889284
77.48,-0.40291373223418026
77.5,-0.402827496149075
77.52000000000001,-0.40274252527663257
77.53999999999999,-0.4026587835164974
77.56,-0.402576233779147
77.58,-0.402494838075832
77.6,-0.40241455760387557
77.62,-0.40233535282702926
77.64,-0.4022571835506319
77.66,-0.402180008991357
77.68,-0.4021037878413771
77.7,-0.4020284783268173
77.72,-0.401954038260405
77.74000000000001,-0.40188042508827615
77.75999999999999,-0.40180759593092463
77.78,-0.4017355076183198
77.80000000000001,-0.4016641167192627
77.82,-0.4015933795650739
77.84,-0.4015232522677372
77.86,-0.4014536907326587
77.88,-0.4013846506662193
77.9,-0.4013160875783204
77.92,-0.4012479567801479
77.94,-0.40118021337738985
77.96000000000001,-0.4011128122591576
77.98,-0.40104570808287354
78.0,-0.4009788552553899
78.02000000000001,-0.40091220791061066
78.03999999999999,-0.40084571988389084
78.06,-0.40077934468348153
78.08,-0.4007130354592887
78.1,-0.40064674496920416
78.12,-0.40058042554326234
78.14,-0.40051402904586
78.16,-0.4004475068362694
78.18,-0.4003808097276593
78.2,-0.40031388794482026
78.22,-0.40024669108078315
78.24000000000001,-0.40017916805249154
78.25999999999999,-0.40011126705568567
78.28,-0.40004293551912795
78.30000000000001,-0.39997412005829047
78.32,-0.3999047664286086
78.34,-0.3998348194783876
78.36,-0.3997642231014391
78.38,-0.3996929201895141
78.4,-0.39962085258458124
78.42,-0.39954796103100154
78.44,-0.39947418512763755
78.46000000000001,-0.3993994632799345
78.48,-0.39932373265200516
78.5,-0.39924692911875925
78.52000000000001,-0.3991689872181132
78.53999999999999,-0.39908984010332604
78.56,-0.3990094194955174
78.58,-0.39892765563642896
78.6,-0.3988444772415114
78.62,-0.39875981145342454
78.64,-0.39867358379606865
78.66,-0.39858571812926913
78.68,-0.3984961366042743
78.7,-0.39840475962023003
78.72,-0.39831150578183827
78.74000000000001,-0.3982162918584151
78.75999999999999,-0.3981190327445936
78.78,-0.39801964142294843
78.80000000000001,-0.39791802892883377
78.82,-0.3978141043177561
78.84,-0.3977077746356277
78.86,-0.39759894489226544
78.88,-0.3974875180385202
78.9,-0.3973733949474463
78.92,-0.39725647439992673
78.94,-0.3971366530751934
78.96000000000001,-0.3970138255466844
78.98,-0.3968878842836905
79.0,-0.39675871965924814
79.02000000000001,-0.3966262199647308
79.03999999999999,-0.39649027143159254
79.06,-0.39635075826070043
79.08,-0.3962075626596895
79.1,-0.39606056488874675
79.12,-0.39590964331521383
79.14,-0.39575467447737034
79.16,-0.39559553315772766
79.18,-0.3954320924661243
79.2,-0.3952642239328845
79.22,-0.3950917976122388
79.24000000000001,-0.39491468219617665
79.25999999999999,-0.3947327451388367
79.28,-0.394545852791484
79.30000000000001,-0.3943538705480787
79.32,-0.394156663001358
79.34,-0.3939540941093096
79.36,-0.3937460273718365
79.38,-0.3935323260173511
79.4,-0.39331285319896847
79.42,-0.39308747219989937
79.44,-0.39285604664757656
79.46000000000001,-0.3926184407359792
79.48,-0.3923745194555557
79.5,-0.3921241488300802
79.52000000000001,-0.3918671961597171
79.53999999999999,-0.39160353026950623
79.56,-0.3913330217624289
79.58,-0.39105554327616154
79.6,-0.3907709697425781
79.62,-0.39047917864901605
79.64,-0.3901800503002917
79.66,-0.3898734680804081
79.68,-0.3895593187128843
79.7,-0.38923749251860884
79.72,-0.3889078836701114
79.74000000000001,-0.38857039044113817
79.75999999999999,-0.38822491545042626
79.78,-0.3878713658985533
79.80000000000001,-0.3875096537968319
79.82,-0.3871396961870386
79.84,-0.3867614153513239
79.86,-0.3863747390103025
79.88,-0.3859796005110041
79.9,-0.3855759389968738
79.92,-0.38516369957704377
79.94,-0.38474283344683724
79.96000000000001,-0.3843132980823305
79.98,-0.3838750571852878
80.0,-0.38342808122257455
80.02000000000001,-0.3829723463508876
80.03999999999999,-0.3825078375016837
80.06,-0.38203454052458974
